21.148834329941515,24.21378893029945
2.871382342324317,58.97196430029263
-37.25269057481816,-35.34715193854155
74.34454111018582,29.884901590016185
26.675836921214948,9.912425495113553
11.772322990935063,24.64898864181826
28.57627227038005,-3.254202912008296
-54.753127529417,-38.19764574070544
-67.08855144686953,-31.38878209850091
-51.00690161167293,-46.541697477697156
34.861149194033146,37.90194274168723
32.352304436477525,35.517715982275696
-44.61229150678543,-29.800250801132353
-15.186839789549778,7.474120032192644
7.426238900014667,24.86380423422257
-32.62290539407981,-17.335075104585904
56.7365772925735,6.185993557013354
-22.751830453238234,-3.2573363390589485
9.660495602360676,42.361867613729544
-9.925749493552999,-34.837160624946215
-14.532852154722121,55.69544865688665
-32.25968570409015,-54.77377826495125
-36.20340667674151,-41.25061857455108
-26.413561231685005,-25.623042664874074
25.219187857296145,28.24281674899158
-46.57377448084789,-39.52111475699505
-26.677008791389916,-26.609743465615416
18.402551950451183,23.855110566844054
-52.971872886128,-42.26455892175872
-38.84156364652332,-8.602152084047976
-10.960867128205688,-29.494723323796045
47.504704633024915,33.97776164995148
32.64922266254517,40.72618020473993
50.138248326183366,80.44573530452145
32.42657741147214,39.9653464773149
36.23669505952913,26.194581580319873
-11.298996612119751,-21.82002885727654
-30.94656876078326,-4.994166583911216
45.41669857657661,4.709496350519874
61.43032101000765,57.49436468819717
21.711224090772888,46.0184055054553
32.199536459875794,-2.0442513439856143
63.7475222541095,61.705238371570566
38.221849731685325,45.67178802647007
-7.795024875290775,-14.417337243732621
-13.834080479076459,-12.738323086697896
7.351592222203557,-44.30046929293757
-49.60510925122162,-16.58766972577613
7.864386485714743,46.931839067881455
-31.29916137999765,-61.62291316477793
-23.15530612342306,-46.10653154828155
29.563678905416154,36.6109800502878
33.14452202915356,28.210204281218275
-19.618437760219923,-14.940056415117365
-41.572680902437,0.037539143163193955
-32.76643702672816,-45.27479847784355
10.48058370927562,-33.71669020908142
0.23020773464802602,-47.67536502637935
15.082657883033404,50.84492145673014
-33.98450173430859,-5.682374444003827
-20.30864150249416,-41.354305244898875
71.60919582439664,64.04950929940765
7.247928789419436,34.16383756460017
-33.80443344336911,-18.87352240573546
-8.279836776796433,-42.05371317352879
46.93461531672649,29.730129147793832
9.789726944359241,16.86444044102928
-51.08107103057719,-50.92939993054397
-5.815114152384236,-6.473017712667879
-24.888564761560676,-44.39907066622705
-31.691808438854267,-28.79571839019111
47.445409795421924,9.11955741951866
2.600438676474152,-21.817943946242366
3.905558359025356,-31.941387980960734
19.495530636569555,12.627361165905175
29.71763332390894,8.812778366520835
26.169418221119685,47.63650094765611
-54.192459299717726,-11.704818034817318
30.301488189664354,-10.966752453234598
64.7840957514453,9.87586891449228
-57.76575942521914,-35.70904069887264
-34.87548537034556,-40.94142795370172
0.6037409625205683,-6.732603259624955
39.49082882909394,55.37686683008535
-76.86617673503815,-5.740606966845682
25.921201330662146,50.059309316492254
19.89060386971451,17.746434756739006
35.341036671195205,30.818612008773673
-42.080338110537774,-26.589932969786606
-27.510511673446526,-75.79784945172977
-32.66264922610626,-74.18995386794617
-16.940048845495348,48.95091516849563
35.36418260502872,48.2794585386064
10.021677978586023,-4.5175998186990896
34.99493333132201,14.6770679661707
14.67308116306462,27.09303505042213
15.613833364922971,38.95750511203098
-8.342972144488702,-60.7359046170364
53.91254031909918,10.660762779505536
-27.23416442460065,-9.166443536950059
-6.151454776185346,-53.34940515695364
59.925959817737635,19.430447290809873
51.987738196847594,39.63021678364625
-52.26169113915572,-3.455883317876456
-53.621698690106854,-83.29749206556305
-3.415785394778382,9.704546378486818
26.472108254839142,57.00224251193983
-22.149943718379113,-36.28206451244617
-24.032411101705485,-27.935874691551927
25.917238139425557,-6.201155030733091
-24.419664650725323,-10.752159701921958
-66.15363248544764,-64.40904532974693
62.107717754952965,-7.5130832981641475
-9.601119579928138,-25.073933444938127
57.08932029466702,31.724501948148
-45.51777501107287,-39.70285289540138
-54.447350191341336,-50.306583432564175
22.396607740809866,13.601030252815388
4.264751652542138,11.50821445817801
-38.44226697938375,-49.89167955551166
37.86442035465805,45.622653966419946
36.97792882080908,19.23541858493831
24.049298948222766,25.937925893853816
30.65518269294704,28.827137862486424
24.277719175671837,29.33491545038253
30.626350879406143,32.490446870181295
-7.825333666187817,-56.060830558447435
-54.36162459393512,-14.679173786905395
-0.21069330342212567,-31.263827448469534
-47.21839033252117,-40.33777193744333
-37.32691658542571,-16.346234961486296
12.275230494811886,25.752176984628356
0.5618898475010283,-13.87266206415633
-40.289775196490005,-23.808812896687094
50.75728887292813,38.787089627175334
26.310239024294418,54.65719058706675
65.06955903861166,25.110726513754404
-28.688520263526637,-23.091299673414593
13.654088632993616,46.854652123076235
18.108451109478047,12.432732336642804
-24.55708411120476,6.955693287350144
-35.03962110886696,-38.84441704090344
22.485922881867495,12.915158623134044
-64.55549764906868,-37.11858262483602
21.294001245982997,26.633213806349524
-1.3487567748259366,-51.15855556431466
11.774624734375397,44.86285916217233
-26.14061768330511,-8.868483191738111
-41.74737039062361,-24.234822192454477
-19.612074203841043,-2.0746524604560044
33.91882493557619,25.86912020108914
-77.00168000944929,-44.39664519166735
29.608053860881956,-6.152952944510638
41.41405888064624,32.07376200541119
36.652781647409284,41.998544167117245
-37.21316316745978,-13.764416781042819
43.11186835195143,8.268639661466068
53.96377494923832,44.13095350454355
53.8700599015995,9.190065549094033
-5.987329193972435,22.32475992930135
-39.37186707500153,-57.90795568168116
-3.4682346340627106,-57.50828932856637
13.638748463051783,-44.129183423491696
31.775315236403205,7.633732552259627
-12.365612061839741,-52.349726018696494
-78.0514578731434,-18.977049535615024
3.629447898891115,-34.430706961771584
16.889945657785812,56.849773201859264
49.85037156147988,20.837752720006982
-24.902219930661893,-68.13352155954172
6.07298355361516,63.7026149322998
-10.370273369576061,-2.9107384097136624
-72.83276240951011,-43.35293010008495
-4.486088844636214,20.280497284184868
-42.79764776965196,-23.267025891516333
-4.96674231489952,-14.127525112588105
-29.82754576032447,-60.691842724802115
30.851267181797475,45.249396983409575
-15.182328701288286,-70.15641310304076
32.71385640841792,35.38156111223529
-70.90395452136823,-60.27451159117028
-43.621796810798614,-21.77405812832643
45.265928116215925,39.824285820569465
-20.75761229948103,-32.499016970621916
32.32455453176565,64.00808623445084
50.89109210113432,21.295706844829745
21.616979451038308,43.85175904829265
-17.414823392666268,-36.11602432448964
-54.98470360137689,-70.15261699244579
26.843147782544047,51.827995945278225
-11.760061861696332,3.6280953976641044
-35.330784297255455,-73.5710561062786
10.79063642082619,17.80039950766802
-15.657666191782479,-19.998077836125184
45.8428052782713,8.52040773909355
31.866762965966668,24.84029732773523
12.849620315586147,26.395091112374917
-15.877436985237516,-59.344349024585306
-49.996773627687716,-21.096661299880356
-24.764533766533305,-12.98740779238058
-14.714357065753354,-22.962847317705382
48.879240294306975,22.522525027409316
16.03574244243692,-3.902898508375543
-6.729155034594619,-41.79924357588467
-4.315707868443525,41.1768111293017
14.752735213367226,27.789674333767902
-2.8989650885878824,-5.4354074528634975
-42.73257411741089,-24.32766861917409
-6.005470477289446,-9.222075950956384
-3.4403365094015754,71.18344521903632
34.3765257195611,30.378890587817864
42.94644698880929,33.94342454312383
-7.904783852867933,-71.58279239262995
62.33157370353424,20.77838335153024
104.81322382147864,6.3863134571462545
-47.66148627683113,-26.81684089340442
-43.20413664080968,-36.6999757972287
-25.429310775809125,-9.548244608448293
-70.49778480644096,-42.231797548375134
-7.580920925539409,34.1922404782168
-25.131670974340928,34.23747876529867
29.505703393283927,48.04318026996678
26.650986086063945,35.04775992114429
-22.56258436820451,-53.85169516054635
-29.166197680306325,-60.92388813107195
16.6537621807086,4.197913216139195
-29.443068946771135,-74.07665355244436
5.791008231166089,6.793578047693018
-41.76304161162407,-69.35246096029586
-74.50000935490974,-10.859851776318166
-79.99048008458334,-1.3673708655342018
15.124639808762694,-51.67178055199464
33.61036395784,25.392006304872666
-2.9383085805811433,18.92461466701867
14.353720548964668,40.81389444875268
-36.8383269906903,-49.86238192158713
-9.971758975503104,3.7590650225844797
31.169012299652227,54.36120218341399
26.990016292810047,14.727105869524875
16.563043526783385,6.5978604501493265
-39.14876768694109,-11.969819618486966
17.55915999676793,41.5665309352063
-46.720565526229414,-8.545576156906222
-20.15143690894685,33.65935049285219
8.37077501255613,-27.469649661418025
-54.79439924105972,-44.006988615365195
-53.18387734766226,-14.09015605410887
-43.8778768724665,-37.189245312867925
21.130354011550615,15.662994573268548
-36.33263974494371,-9.506888726111569
33.08962656029942,12.721582994841928
32.46801072319447,-54.469941641273984
39.08426253560811,17.17950763416684
-3.702728656099005,4.005948542753217
31.271054322500053,19.092819530624908
72.8993836624185,56.4557478038847
-32.10873967479656,-13.305072105693029
17.754267069335175,26.434753118020556
39.3389345940205,-14.143664401322702
13.946170566313043,-21.29637115432762
-1.1217774432785959,71.86736294856385
-13.467224377618322,-80.67456880668985
33.8598939677483,44.673046292282514
-35.50052022744511,-28.980247535223818
18.224907860548143,21.074638201230712
-24.607211399815824,-31.719384824606937
22.92642896062052,24.963096167028265
16.98582819282387,-0.6752647837210226
22.843701386918777,34.095045723887594
20.984014519932835,-63.51697375626276
21.384225750966483,46.61781144353797
21.187766232593326,23.81203272937228
8.254164956055746,31.70409084450064
49.79757982464777,2.322547490073813
-25.0704491090384,-47.43948055068209
-0.6891646571262875,-32.83076030181345
-61.526210678192186,-18.01514954773939
36.64292719303943,66.05864257174233
-61.637839298011215,-41.56377751464632
-18.503665788796674,-36.133035860745736
9.146000650490794,18.576533067473562
-48.10116549750115,-55.10284712160616
-32.706801601684546,7.942677900193132
-39.047499890235315,-26.82076438947407
-8.236659988847258,35.205928063907166
25.013360233561514,11.643796020105821
6.463546359843413,55.90706616234101
-39.59223824453652,-45.98627258331649
-19.383517996459034,-30.796570875411234
-50.6585891978809,-51.793573972117585
11.241204808416313,-33.40848135960758
19.64163415934821,50.32908120574238
66.11179100337534,52.181244960621456
-38.92676320828028,-38.34343449290847
32.36145045219327,-3.342559617772224
19.371234842645865,50.11497222674683
29.582116658275883,45.14579421045639
-17.459046992716896,-14.440730257387228
4.472794922554485,48.32575239999942
-34.62254222014902,-18.748846869583303
-24.000226385665542,-6.760130479474466
-42.170137195769996,-30.2497654889396
32.71779901608189,15.795988014726703
43.4639912542595,26.961163847622398
-18.38299139400716,-16.533529842164192
-34.47941616271799,-35.56027315154914
-12.52358009466322,-9.53203445704505
-29.11433501044603,-57.28815174532515
-11.474600820755498,49.83981038484832
14.967846732509472,6.303226559821571
22.3925094775174,57.00303390947865
-22.856173629363298,-50.20790384154423
30.211474029872146,33.06287861938958
11.00406810258523,39.04968840040912
-42.19362628529371,19.703376893588185
-22.577651648318763,-63.328146296828706
22.373750256519966,30.95253214036226
-6.577134582559076,-42.40999110601089
39.205687150249894,19.037397451050456
19.658696776843918,3.236035887507221
26.88075616785617,37.911348502996105
-54.63711632980957,-16.39026823606759
6.322012987712885,8.379277882318206
28.54668655190316,65.25686054836689
-27.468073298892605,-25.483925489680104
48.16238369034309,39.71398857840758
-43.89750545660712,-15.744778946713808
42.30276036389864,12.154132148801136
-50.27629018529584,-27.61483988882407
45.19752904426677,71.2418139810195
41.0702793865011,61.798138067967315
-17.670718433400253,-37.804734427136026
61.92815433931236,60.01161641374139
69.7157935053089,29.385421434806535
22.387997488525095,2.5557345857323774
56.88477573845423,40.63903633491721
10.166940978009926,-54.93158099562616
58.697468935940805,14.320048631445294
20.20733938635363,46.40474319351926
-40.43850880759749,-20.70255820750193
-17.44429337271954,-27.053031823778944
48.72777283167995,51.61725719461634
43.371829926447404,42.30114988705472
4.976042187140813,10.514826223197844
-1.2950870575076507,-0.33993254336351697
-7.36964932627615,-44.46319738324748
3.635107247057981,-61.68276290691077
-6.342889038343841,-25.788092402687994
32.18468023088622,-7.394584770811505
67.62802453274124,20.509109667715947
-38.539501760424436,-39.23227915819907
-13.887381825322755,-10.173682380401377
-46.684243981956676,-56.029633853827875
-7.812192241168546,-45.72289589394234
24.224282730430264,31.879057839368375
41.65783357233487,19.942361370590756
14.320292199999269,43.71531959404108
-54.34481198672364,-23.80694847675129
58.02682251625254,50.36665764931082
6.700352690019695,-1.4649079169826607
-44.577400510950014,-10.803378634997479
7.791820765283994,28.27909917484151
60.80060260560914,38.14478026859179
-70.95141086227615,-23.18529001511386
-50.23898940012401,-23.997237860314392
-33.73023707046032,-36.394471240953486
-26.419454449996675,-19.842059088388524
-53.20857482946095,-33.90870991690221
34.17539884024311,48.91508877477585
4.3884043223323985,28.642292163922306
-9.036740047864427,-25.418626190070412
31.91892793450505,21.869768261950565
-30.853806120207736,-34.616226624810835
70.98000712044211,65.03793448828216
0.030940801362323356,-16.536612727789674
-37.310949008953024,-38.12469437359601
59.83029635395684,20.804482948087482
-10.177712148633773,-17.359831410293292
-0.1721902747659314,61.1494048830866
-21.80235932942228,10.407850023778636
-16.778142724466495,6.751699264477068
45.70939836727699,2.406405035766209
-19.463961706681793,27.189468726637642
42.86452417224094,58.29865162438016
-47.52140739286718,-8.259909439690162
-39.01656858063501,-45.708390139931645
42.423037309765,45.699581526816544
6.548189017936835,8.211958462416508
21.935483583120327,30.03966042878632
46.5865398567928,36.082150280381796
-34.61691674578976,-23.500564969177212
52.90764330352319,60.92222565493408
39.40450115774284,18.928760899428696
-30.878335160631902,-48.151121363659925
-4.78559817742633,-49.31447147575962
-14.233949049742803,-28.07176582347209
4.931484679977292,40.844429140929535
-47.82959437679415,-20.224029270147334
-43.53986199592886,-28.57460384811797
33.37964588882381,56.88622049946744
31.16987876750151,39.335418462907874
-30.661539607396808,-42.67819008328241
-10.435167487392846,-18.74695592837662
58.18309959454655,20.60543024283402
56.39433057527908,19.09578088462588
-36.75998725740337,-22.326584810577724
23.153964627526793,32.27218006344355
-48.467518813887885,-20.24114381564322
-37.82722847096625,9.342797708525296
-34.028904056285576,-53.68418247210935
-62.8163170396627,-10.15144928804618
-69.6774773147239,-51.02601783863339
17.634447756760906,26.328955379616254
-0.46894960872198155,-54.34621797597506
-14.987302447280806,-19.550608338730388
-25.163996937614627,-4.984323385772896
-59.44279374396406,-59.26374643698487
36.43278948976506,35.095027031645586
34.97537844335704,18.997180859395947
-37.293069641706424,-49.30152741460721
46.3107207129843,32.62076029223872
42.37621108924593,13.598216662436897
29.51234818193256,34.30580589799057
12.415472986417761,38.49469412340179
-28.64717630697015,-47.494421996489066
35.49045944871951,53.236814989655116
63.14568567321315,30.232348364336612
-15.600404040361301,-30.078450705522002
-28.539967604335448,-37.30245375340059
-61.10010214487265,-35.468673817028844
-28.67672653829768,-23.331412992622163
15.307122727968894,29.585554960559048
37.756301226783805,49.27064795815528
69.00024890118448,-22.954298961837367
-26.339486536205,-28.275944413130198
78.09676756031372,49.11332118760565
-25.55640208624107,-37.77164259648565
19.673461329565008,15.206112487511273
-49.824621777148906,-35.40954696619946
14.270440832416867,24.05759045175899
-51.93604595741004,5.428125165295462
31.389935816351638,21.18432952566622
-47.96448903141314,-47.54675905584422
35.307324686972365,40.90063099604214
-4.609403525746657,39.21756541508871
-34.142139399509475,-37.23931064529737
-23.489171728152705,-43.138802799080054
-14.496585913317194,-49.98894808635386
-52.275168475361724,-48.471294509223625
41.27251307527077,11.68470490416324
-0.7839928514862535,-34.42549371273266
7.409869272968741,-5.863257801386823
10.068842730882636,15.742923722033865
-25.086124993842756,-17.443380714180705
51.69108125065442,-13.236751014905991
3.090986220005565,27.793804967515268
43.54439173965275,39.976800206056396
67.86615729583028,30.280073973362565
50.94821829844504,3.193974165756323
-46.85989093460758,-26.673494509427567
-27.056445065960652,-47.195629402114
-18.705189403264793,-59.29154203898773
-8.658858285424145,-79.12558131857794
-2.4372370427759975,-27.970557649027512
21.640341096701164,16.31195844933769
13.674719041362106,77.49415521740022
49.666718516305735,63.197497313495845
48.194455219635806,-11.635827198599088
4.772240898333809,32.44422577960679
-20.105481894570108,-80.59068924881214
-46.288519250538776,-0.6221022977753385
-73.36559989240632,-18.01371641654178
28.448998585336142,-68.34895869580645
-51.40798503634984,-71.91472358591108
8.967876103644826,14.387413266388327
31.908175022793472,36.16960577217868
-44.26863585418802,-18.78770936985334
15.02407635273425,10.002381563452293
55.581424058729105,31.45515101148182
-8.268784900644764,-2.2428971266812923
7.161199270731281,49.55577216292983
50.35736267753943,3.7723320756036713
53.14942164341869,34.40634865581773
-16.815313137375853,-79.0160981566577
-34.40057595785843,-56.736693722897535
-33.09155854145135,-2.398435537069382
-29.858340331062216,-28.981158966375155
29.88322034348085,28.5456159030208
26.961719786183103,36.994046544728235
-32.42947621460515,-43.02155426188693
-21.801910349381743,47.54358035349629
-17.585313723875366,-72.34072441387463
-48.04315657184767,-36.68184085219005
10.619666467920222,26.57469875472218
24.91989042986197,38.66152742655482
-42.58395482713852,-12.04582312279047
4.234690299980969,-53.81031354453097
-43.186860339882536,-38.49336965064671
43.7704704814984,8.852615907038455
16.82206403109184,19.870342785902267
-30.122067147864726,-65.01676319462365
-7.881791305360476,-49.020874633565725
39.78854757600476,45.78548345330759
23.950853957313115,77.5318300949023
-11.580770640186916,-52.5659254715473
-8.265030855227309,-12.280018156778706
15.666423665807088,-25.00773199494941
-27.835638933266786,-10.965037721486652
-6.98832965040021,22.03852747698369
53.90382117159833,67.6068003807279
23.361202354926355,19.77437464388167
-43.48594341405964,-26.447958797488827
42.712060617581145,78.95152037162083
28.507059236313637,35.82877760616757
-17.781074772913875,-38.52449209462513
-32.602029387860654,-45.85980088601596
-21.936192765301485,-29.544443604529302
32.45531488479504,52.42148075131509
61.18936852890624,31.26970902919629
-25.225593084532573,-51.40578387468568
60.33444909677648,20.399805133236686
6.951482170470701,16.487872571215394
-40.78883760480216,-60.10652657911823
27.5019600077115,10.947650368612432
35.25802133348134,43.718484063369516
24.92254212320277,6.370850612208791
-63.41724299795651,6.687151723513402
39.0398683419969,56.55948243266221
12.460400825355194,-38.90744534790494
-9.970886949101203,-26.00123856617689
-44.768230088073814,-68.28836250029629
-18.668721900918655,-3.4531609011473208
-15.91242261831048,47.53831546301776
-17.862526847656117,-22.776909208261163
-14.17118914236787,-33.83851213081345
26.473927960936223,20.19532029672043
-40.123664047346026,-2.7313483071632376
35.54509485599215,44.82484388674278
19.461146382552137,34.793874313914294
-86.04865926294892,-27.150267264702098
24.447332323904885,29.531862923123033
-31.281009500641936,-33.35681115477544
38.7566953971619,-12.575942658994556
-26.24734320972758,-53.25950538446423
38.10541993842954,31.790356842349723
-30.27173638198159,-26.26243861670776
-21.33977741255352,-7.949703159167903
-36.9435554349001,-39.933486344164535
-34.898191488785436,-46.28178583680855
36.31072945663868,22.18247693996314
-33.507511294107545,-47.049395247515875
11.25659590281601,-35.05368728535722
37.11557187348545,5.567595312225766
-12.813184215440259,55.8452844824754
-26.676742761842558,-59.4828092464953
-32.948289404806424,-45.97089197325978
20.02585792217591,17.8513784490748
-12.446476010020962,-35.29281102437763
44.28564968437662,42.611700418341925
-24.0177213965,-44.429967487355725
75.50785999852596,13.72815113539583
27.819451656137204,13.29891142597442
-24.44810794316373,-43.727699700726234
46.640265798486325,72.74033712841049
60.119374846036806,17.071432142516546
30.940486514293635,54.672027241058686
-20.16194278809864,-46.62764757434665
2.7471672708165897,-57.247957391617916
12.807254943310166,-0.9092129823600672
20.232936811148598,45.21955057491107
-14.90204557113929,-45.6308152021523
65.43572599787038,28.169956803289818
40.616568897396675,43.03888257532586
51.15914456454578,41.873230577657864
-44.21838856939777,-30.61542363580599
75.91907008633731,48.54262978119321
23.26623635226276,1.5582354296940792
-26.0999723648955,-67.35208326084944
-55.60912249423045,-38.59034945894505
-16.729309960267756,-55.612938372128156
-65.4168398018739,-24.843162699793456
-49.26792633342377,-17.85223360022069
-41.09148094931332,-42.46181852273016
-57.619177057221314,-36.28984262090895
-8.020700998722198,5.57879702682466
7.967210889173522,31.514818679420145
31.145099722313702,46.63857029284885
-23.741552155451295,-30.551621242633146
2.9955398211905084,17.111469052022063
0.09534083397907267,-39.98774392344636
-22.0030271460466,-23.51276608166773
-47.43855807254274,-37.5523911039436
-47.29519615938651,-4.613800414409731
54.92295619878064,23.02313810386151
58.00121984251355,66.29168081495267
-15.475699134695285,-61.863431106563894
-56.51951826120505,-32.4824952025522
-5.428646675642138,-15.9552336604213
51.64093499668775,7.798366231605321
31.983674433201596,21.894286041556768
-34.64122029745252,-34.69855837651497
-2.0352200145108057,13.331998471086578
25.791287092589915,-3.7588882234519687
21.695464172357788,82.90591249765279
47.5430771524244,33.58128237186912
5.085709599329988,37.11868257140964
17.50152347876135,61.02067409914004
-11.41115876363445,8.028674449937803
-69.68283523409869,-40.52087094350875
4.93699904801014,0.4876882253457495
-44.42422379362652,-32.814801382598475
-2.131194709787586,-20.45297929555283
-17.14774429730082,-45.381170018216885
76.38044761349975,47.07314828197633
38.22607028592313,4.29006728531445
26.6455007170309,56.80790470532835
-27.524131643215263,-24.73465268482187
5.295022257912301,43.33023999742528
-31.218917119240697,-45.16158994240209
-20.552490156081966,-29.210920160165085
5.359539071464454,41.73315558166676
-53.990700435786295,-20.313647523533145
71.13510595508959,13.228184184100723
7.680287603203627,20.727488948927412
-35.032913290326604,-38.0951066650658
-17.20229876779885,-43.29643884275637
-30.722077326467016,-24.89116102321689
33.59521009590996,7.521473940803261
-9.031843222870272,-38.27598765303889
35.18727157287136,30.438284894968614
-18.73855689291309,-15.062649981254397
54.57440343336036,-3.8568495997440806
-20.921953308135052,-27.63027623348861
60.27195683844708,11.394067770673612
22.172728126215226,5.853264190952775
-62.445046262017556,-48.06840855190757
20.269263084703198,0.6595277935955899
17.869585044520075,6.1275545404220075
-2.6350515790518827,-30.913066068165357
-50.18408896194448,-51.250796698738505
-25.32826314088309,-36.51362318859426
17.845188084457117,63.50922188953803
41.27855706364461,22.68856980132785
-14.849726615877286,-28.716255202031267
-27.987543342356762,-85.79673882443089
-6.670224136220423,16.67888779654686
11.508303550879816,69.32211254354085
-75.5599023255694,-70.87727881101205
16.062239024236476,37.69178501193538
-68.46365882352714,-61.341014971168036
-36.88457016760011,-43.190195987646796
-42.78890854562908,-5.928038274246184
-3.857866635384866,-64.85565453210012
-45.24963539167315,-31.394304524020928
-0.09486478497663953,39.73789852324179
23.56010035152056,68.5466922132546
-20.31680192830363,-11.206954044460698
-39.54782023587677,3.6004945699895217
13.670612183430244,20.995509247261424
49.29370465694333,13.275502685157125
-15.096918956748324,-44.13661829602885
12.885135057542833,11.43475154281657
29.70157885070758,35.429196249685596
-42.185399272940806,-59.36493658132095
25.972854968168264,43.57347589545205
-75.12352050126714,-26.731688037739957
-31.28230182685915,-9.414639793299262
-4.463491832000596,-34.727524496934045
-24.331685291498616,-18.917968534646562
-5.88470075671124,43.12921668282376
-59.0285808000264,-17.6980829555333
-52.620946167237726,-16.059370274984943
46.03713990557709,49.78585224157251
39.983714199530766,24.790856491508368
-57.85300047248442,-42.7154479383445
24.17121280478809,52.30482004577652
-60.894323763811485,-42.986720525513505
-33.988307634040595,-14.664796453098965
13.822321384087232,65.76596308813646
-28.30459878174866,-6.60672834762163
-18.794736527609622,-5.115434893721861
30.474037458850066,9.416900566608032
-18.33938753661549,-34.073852818612835
11.028811424696595,7.034044259110232
-28.913258054323272,0.42297009915380457
-34.323513339865464,-33.90272447315772
-24.831956232024304,5.507516984183184
-38.75046447229053,-67.64169195568641
31.84181953210435,70.25208206448981
-19.059903477002372,-55.263625382513226
-53.23129760098748,-39.724733215342994
43.68470492549152,3.6455111601519476
-68.46980009447377,-37.654798265400935
31.405047154423656,4.691655168541622
56.18451811162274,10.327444074043186
15.679275118853791,21.043160156158635
-11.693555893324948,-36.74780597469871
65.0751528431711,8.491379505993084
53.1039368499858,32.05679620661103
-23.726360544219105,-20.95123369126633
7.328183427706556,72.27270426305464
-1.9186375590604428,49.883166147546575
-20.752279696486035,-11.260409984257201
-10.798408782829092,-43.07882440876228
18.98653695097291,23.137649856722252
3.2909933114604755,15.467787946500005
35.55311517178088,41.748733873226705
44.71095330927696,15.817930705938394
51.98998709083468,18.256909139739953
-4.784545175497705,-26.55847877446592
-2.4596046922087886,-62.33217023646189
44.257318148078745,43.6593572848677
-28.08932179242989,-13.730091191058968
-25.63752582084231,-52.38532472898981
-49.47480518428935,-15.88865515540425
-31.217090780125716,-18.533813549288798
-22.383355899660806,-17.556116044128935
0.4409200821984456,9.37226959346232
71.23553089896045,28.266306097117706
-21.668108677496374,-45.42903327608841
-32.53795088790671,34.71534780865721
-28.319232562185444,-30.841366736388977
76.85152528984999,7.360718788299142
-1.9262093107134888,-61.236107580505774
-17.536106500222616,-21.078168297796214
-19.37806955799647,-13.048665666284435
-50.931213853956585,-58.55602244365357
2.785694277201543,61.658025728476396
-1.772566958125207,-10.705539578933767
51.83519554130278,37.165845091585695
-43.805493261674144,-11.318533537093774
13.212046202249766,-5.997099893989422
-54.5630723605432,-47.563864453852545
-35.958175062440446,-14.363262943478379
30.2209750866802,20.710127624323682
12.188355430679913,47.41657827978663
36.07681528069719,29.49473845011551
-51.40621381512632,5.566284553211609
-1.3878636051524076,-30.192279770783053
-38.447300910214565,3.5193832138183154
-53.40797738634828,-53.01762699553933
32.89446130416931,21.934381540079297
19.546101095758253,20.830858233983374
-19.930149855944002,-22.077993116938828
47.73833492238481,42.23217439942627
-34.11723502465829,-47.87370935787225
50.88379677103646,31.372507646795007
0.6239273582261973,-49.774207503375
16.103230155952314,54.822445181621426
28.98674889846093,5.943816664930942
14.433040600205832,56.88515169682062
60.30417507823034,21.71723437498002
33.143940651554566,57.64075887897358
12.504648051090555,19.09000380871297
-44.077342618638156,-44.494936952344666
-33.18701330189426,3.1556792306319537
-26.872831123074757,-48.57036440601664
26.595686413296875,38.20710795695246
-42.209074691422394,-55.4080204939622
-41.38568785332534,12.996814828505585
-34.14633687097485,-48.56252656807119
-48.46643862705056,-42.12847766077048
-25.46939742718478,-35.58860129803539
-6.307803959084929,-42.801252909102786
-5.186027587643668,-17.939642979214813
-1.172493417534941,-56.4810372232477
2.9460098313334697,-54.584678602085724
35.82259110713273,27.86313197222358
3.076472653845986,40.72458441357031
23.541195238913588,-10.178571980974695
-57.41882167764553,-19.26525562522074
-2.7390441258252167,43.49370995745126
-34.52347150004698,-55.0065535676995
-25.162685675857734,-59.29421399520912
56.2786777849219,6.223350219323017
-40.88649274840267,-11.472867255333494
-21.845560493172336,-26.55664284752067
14.099125442448324,29.42793238486518
-21.93875003309182,-12.39072166426363
5.250526211851387,44.83220602949805
67.78578638920767,21.53943090306656
49.83984646510778,27.136368328847727
-17.798107509194285,-23.78266807561288
-47.90023954835088,-6.615730910413205
-46.57711947170772,-8.548247221512039
40.56042525509518,10.503295377596178
-1.4146122091131694,22.361230166002663
21.209084990944326,-0.5550924358969311
-60.512343998803345,-5.679817520248104
-7.886674406014762,-53.02822676998095
-29.504484347596673,-22.61673619777655
8.005286389110054,15.500071316604725
-43.1195319533909,-26.23072204983071
-24.675293970295584,-30.490735172783076
-17.12015920219939,-17.18970256005539
8.57791857748974,15.62775855165474
-43.424715622125085,-44.18965005092861
31.1279584863548,5.719704931221898
-0.5627116575061208,-50.87380325927397
34.22398307691898,61.62987810445101
-31.344325382676622,-25.308851486109926
-23.475276749354123,-42.91481945828838
-51.27847257812452,-28.931551802944874
39.69447714666896,41.02139113850197
31.95491464263911,39.311663739072934
34.697390974028096,3.572834433286012
15.867089033813755,25.9673844754364
24.916685858669183,52.418829338892365
-52.21340619078042,-13.72763481409828
-26.654232239188232,-40.619771275022444
-5.165902287392097,-35.74295063420517
48.425272800385045,40.63944415989603
53.56433569236484,15.88246056182778
0.0968310395170846,-36.285723021567115
-46.77758065190375,-52.88416860992456
-22.16331213945655,-31.020191498301134
71.23783387388916,14.692354960570256
-32.38809606603145,-15.944603370424899
29.12681036940304,29.75742754541022
13.412534959196286,4.378245233909386
49.01339834799276,50.30285646036292
-11.039589394275502,-10.210967155834268
44.03114144629393,32.12908806516565
-23.77710778090681,-31.308652940357888
-23.39603755144137,-47.551335763109634
-17.202051155110432,-18.960408870961825
-4.4382821167133315,29.438066817934185
-42.66007536467914,20.05521899258558
10.745063365089408,-44.17846570937599
14.508950218657052,10.408651215518319
77.4229986208221,34.95722416193327
-45.956411054702315,-52.53144463021565
31.127302608250037,-2.2663889913896966
35.34824624985069,58.64355189175896
33.28240595316244,54.61144889797347
-17.461743079496443,-31.80082316902394
11.3856473671961,19.189962151729183
-39.197092586800096,-42.465765703005395
-0.6017097552082262,-6.298214344962897
-14.972841561017852,-14.519088253103273
6.515049326719151,44.682037851994814
53.23704907353303,26.749793111855453
-7.708628283123442,-61.22489609796004
-52.51673270959455,-32.19847907129542
-40.62539871489599,-30.27478670079291
18.91886707518058,28.219705744379706
19.06637246427411,26.202379399713944
-57.549271360479096,-11.75562741990571
-40.15694345343657,-53.36094432631629
32.15189217990821,35.99115204086216
21.77551022003128,15.607215710977577
32.69188081891665,23.419614271945424
-0.9378931779446695,-41.98201189758926
-53.66652419127917,-38.21512442072883
12.166679964422862,17.513133309862816
-7.9010320649478025,-34.181314241575976
40.631349993771174,0.236398111992429
37.495041529259325,-7.34022485789459
-9.72778572948242,-36.25338109390611
-12.184212736158063,-38.17496753950477
-14.715755093513149,-49.128049046118555
-6.3638457035916645,20.66875302904292
55.67940404516172,5.227832865500261
-29.289883412079877,-32.75655959701951
49.41859962025396,55.73900572510324
39.42676930622087,35.88263157958159
24.183146776030036,-39.05406661195585
38.64545239007522,29.77224759270973
46.30795759705728,-1.9970787044005078
45.14016056917525,33.7712626638367
42.99893618160845,22.88720225748034
55.322082613056835,64.85370172421631
34.96622900187081,-13.612448601700144
-25.79094702404874,-14.171098097248278
-75.12175696338323,-35.218802627084756
-43.577480524533684,-3.225637765966141
13.524884533066427,41.24900046267457
44.94454905945851,52.44851085826227
33.59138157200885,32.798339146960636
-34.956490499991915,-34.79622974267649
0.605622053838335,16.83081979871615
-21.562632551357815,-58.18280286450697
9.362532561478911,26.44023748230187
-18.97019639217592,-8.636920847350304
2.652825681771894,32.628474838059496
-29.611916045506373,-4.964527267033279
-49.252382203150674,-17.066220013076123
18.23255801014485,27.02646659594624
-21.444470256453627,-17.984101426275636
-0.738338744788333,32.636513517670544
-8.892832912319683,-68.58612536232471
-4.421883848891817,-22.419848245173963
38.815911242362574,-3.324555940401808
-7.550395303608973,-29.453960547774102
38.00120049036023,24.109917109141126
73.04550707406302,25.146707831371796
-44.630783844896186,-49.56655146993732
30.12416533105449,31.69767681543334
41.21205666996508,45.3219980443874
40.85793635633386,50.560494484867995
36.09016541081761,33.248729594427296
40.268667275479885,25.638507135049775
-4.673068512444804,-23.175639389793826
9.83573668177548,-1.3668388575722012
-14.116553033974878,-54.11407923730759
-18.383455240379405,-24.708079176923903
14.431131909942858,17.535508519137448
-48.12240325377125,-45.143521113881775
-18.908363589911804,-23.718904424177722
-28.179160272988167,-22.137723885073115
7.924379867587344,42.93344406038216
31.220084288607918,36.46752374086087
24.933616273338746,55.16903385883046
-13.060604681988664,-17.44471230282771
-2.281166902152897,16.366129956415858
-17.790451295912632,-8.58454929184473
16.395667439037716,11.088846053416539
-48.37999344503792,-35.333196181958414
-35.993290976156715,-22.300413063025168
-39.32468689142097,-43.44635391006511
86.7248889234525,29.581754559663292
-40.24892191477213,-35.873581144220246
-79.18594871057901,0.11745982882661465
43.629665942469714,37.4151665773924
55.72306571769133,52.29123035770091
24.048399844375012,-3.9658787218192586
10.199864605330305,37.19040136154216
-39.410013506377176,-15.487673714521629
45.654694867123354,39.16323050647732
-1.9791373079520582,60.08774947258227
-46.320772746138175,-34.81760115649481
-24.365563121877237,-64.19280686839662
-54.32018701277531,-59.94770586668115
-34.68819319312989,-5.32693676827007
16.630737185447927,38.46432440120514
3.4127598524774925,-4.604962540610352
34.856379591456836,39.927978602438
-60.678868418722274,-48.01652478516654
-63.80616948233317,-37.61041671102586
21.56595436710549,50.55322175850042
30.7699230679318,23.56617932232175
52.85818481378611,28.305619461981564
48.264567878141946,29.463090690662295
4.6198343965870095,-47.05686165881379
32.90644802950317,18.446643318009624
-9.200384305206338,-37.962669380592054
42.420190231138534,37.85118469354335
-12.304117203941118,-41.249754224168456
-42.41895032884106,-27.824020063263323
33.55785259223957,-5.927771920971885
57.51831572830831,26.81737629246988
31.53351325126313,30.3719506945769
55.509770206187724,2.608542167953317
32.476851399917344,46.6654132002263
-31.842376191589317,-33.86372245040311
25.90130527511012,23.809966901781834
3.2333162282768697,51.89226793311128
-58.186999463629505,-29.05909266066449
31.506462668725028,43.363954142992355
-41.68779498604243,-27.7222765495165
-27.069533903179398,-49.23447766215216
-36.09394655323332,-53.52879838719086
-76.26322928157256,-29.873294614185525
10.824845422220974,16.06305683834799
28.26801444982134,26.58263027163249
-40.44715496253417,-1.4133515388358688
27.641348035305427,7.681563579221276
53.70681940018636,43.29269272144487
-22.59253569969428,-40.527774233775645
60.27769076869966,47.00778439285759
55.337267987320836,76.77348836220726
-37.61568811648149,-32.57830553206087
-33.581631028232906,6.473655908897484
39.082548798793184,30.238255540558473
-0.19584813567617232,78.77613497125428
-44.01890406241818,30.807080156589535
-8.890967022236225,35.415365778766784
-15.641574080077358,-30.05144407047627
0.351330481286368,-55.00420323205975
52.15101948430942,36.69770990031969
26.61215766678061,-2.027820461111517
27.174604890671503,52.88527274123858
35.489653741216934,23.43057808801792
-35.62880090255315,-51.27450816157054
26.361579346541816,41.781355832568266
55.29907664692918,-2.972591571426598
3.6224129880302485,-43.01044274115257
-21.87318670095639,-35.1195088990777
-5.2749857572910415,10.317639779723372
36.83061684902306,-10.712887041040858
15.867717215299312,44.04589644235925
-11.80245129997381,-16.215470022723835
-60.40023827404925,-47.45859948811075
80.10174979410577,5.9902008571417085
21.347546646813512,29.347301688806272
67.50102035380826,21.275348749264005
-19.571350603977457,-18.136566591386167
-44.27728023375186,-27.016475105218916
-31.48165541458549,-81.20071770294328
47.888711239123225,14.56456314943437
36.249054093898835,14.941706172331424
-27.21463503873302,-14.587770165008273
-44.54152593237522,-40.25800311351795
-15.101329329632247,-54.48808718325055
-49.28913103176313,-18.69648240971175
-47.653752486758805,-49.77450122779392
12.38747248200173,49.982788818231555
31.06291880614003,49.57697747818014
-7.773885970954456,-21.427178075827584
64.11110751819507,-0.2612983574419978
-38.73216152460924,-12.878681098539403
-7.946487107431295,-77.20491181582742
-9.649123425218079,-30.09989530662697
-14.466561173982626,-8.019194087026385
19.2095277482053,36.97745055527553
31.439441694836177,23.726256269853184
-22.173574288700554,-22.018817039220643
4.113246363075795,36.355071894658636
-37.445639086971916,-30.319641209993943
24.411272927850526,-0.7618389550572147
46.65965039886962,39.90774115024078
-5.802393043042208,-46.16031387866918
32.70070760261373,36.96904079839921
-1.879959720658828,-15.82743469825526
29.550474345729228,37.44588065175286
-46.156282366634215,-38.02152580871697
40.57329604113653,18.79078560567602
-55.09526707551346,-21.828044782623266
-12.77526063114167,-23.559389122623166
39.73561248530578,2.3777117466621362
7.0784078038116895,25.694157811333916
35.41708369830289,34.265131831317
52.36843558111787,20.7560008826905
-57.919184733692255,-35.276303929916494
-39.75417362583623,-35.8424103386363
15.432413199068385,55.094516353768036
37.207143642525594,51.00281582552364
21.82508152977597,35.739603509462945
63.80894338046373,54.45970987042699
16.301037582098992,31.90848525036278
-31.35553519715098,-57.16137828307012
-7.605317499892941,33.692387832644066
-21.689400355399435,-8.601558207030628
35.71715944090289,14.847104014281502
31.32066972960907,5.974984551228836
-5.052694475463348,-39.915286187301184
-56.376419613668,-8.498202182394795
41.27306404908258,35.9630308633093
43.91071224200075,21.301362883637793
52.99807198099448,2.7762461238020855
-11.285182816306637,-60.773948371364284
-33.61514599893821,-19.240154261071094
-14.12595437221934,39.987577325958824
35.85263050479352,34.276353882322645
74.69741836217507,1.0757606192930034
23.81584933503672,12.240222689583572
16.440314573432826,49.89737088713825
3.3155699204115265,0.21602705996411586
-11.669440480899887,27.747304031573144
-22.778479003350615,13.294251949266453
-24.445076341369557,-39.52587598472522
-39.23095974915301,-40.779948161738844
22.64857490783285,27.961909685231923
-43.853128987871614,1.5342369080711933
-22.26487321682585,-24.032360637537792
22.225764168521508,61.03364176362341
-26.060438359365023,-30.422818106734418
3.768629496297322,-39.85285776922056
26.174091906837337,54.85597145785372
64.62818405804538,19.22052989210178
-2.967199448856867,-13.908664937608933
-14.181276575467976,-7.229697610099954
-24.66485785887232,-29.93349059967211
-16.425939350507505,-37.770430899976155
27.992686201401995,0.5533356921868737
23.1504556203195,17.199088965504714
-20.897337408745592,-56.47970299998531
-43.83907497369987,-57.32846839292642
-32.97928547281267,-45.02226322267252
18.443075719618577,-25.625984544570432
-1.220090751013295,-3.026240651068072
-1.1049817425537292,63.9237457655913
-35.19098580499267,-15.72648351478275
40.96113503415653,79.19792675698241
41.31952018252859,-7.190430703709126
16.268215192005343,30.31433608382042
15.894579827636656,41.060333904312145
39.466343678721444,17.526590908090444
23.980883914033214,44.52629087845756
-34.8696406420568,17.613583066533295
-41.78057598391316,2.5090604795945026
-59.71404536552586,-68.10769074491303
-28.62108813709399,-47.55884803665836
-35.88607517192702,-35.521482215794904
17.349700023347335,4.029865426977118
5.892792181351368,16.637904526398163
-43.47584128994107,-21.104012781146473
-29.012217297773574,-9.742079926573556
33.768093985862514,46.494670706252734
-40.983736535555636,-32.3162584741006
47.66793509680095,1.970912430995444
42.38271124838434,34.97749297678893
37.00652908024207,35.405184143308
-31.061876708877644,8.545674383423908
-78.29653713015895,1.9343369546673905
1.2824240743665563,3.641218339630427
53.453988133156784,27.60192646549585
-53.9274731611939,-12.325558607654607
-24.115415179437903,1.3408107353959444
-13.220186424118605,-81.02039919673615
-35.03243477841299,-21.849871636749892
-28.047855922771372,-31.82146365805506
53.74888144473648,76.51075835449589
63.54139378198629,29.466785855022657
-33.46483494384424,-35.80964610879407
-63.787379416060006,-52.96416996220367
37.78348316028795,0.9364005675176976
-31.433208577683,-29.207636185752268
48.856453480473036,3.654723180038232
-28.066657632540963,-52.00353290715001
15.955162161815919,0.5688287080779162
5.669820643114601,23.330921380105433
49.0920936280492,21.36283237696211
-23.015552650908003,-68.32488578439576
20.577492589657105,-2.4440277465370173
-70.3083504194172,-15.486590884907576
-59.69816637646114,-49.08451776488478
-11.057087864996404,-48.14515933316251
-45.96779041453448,-46.07420717085053
-17.639653582943584,-42.725922703821624
-7.311765459637268,-26.946887131163166
11.516880475310678,-67.40032726087681
49.518099487961294,27.16380237564732
6.667909354787497,4.700794524378736
-19.467623898910862,-61.68638961974859
-6.095427176063801,33.48310582578541
24.13267869099661,39.335750136453875
-70.25856900294524,-33.087048307871676
26.256664461712262,25.59327412676242
-61.63182442377088,-4.51986684590883
-65.33173306812358,-45.424777497583875
35.013867974549086,42.40030970348977
-43.66795252702305,-38.551012700304774
-28.44209478839075,-59.40494850323469
-11.940760814984607,-66.24585613183046
47.51295814195234,7.846647339122946
-32.14711825023986,-44.07224452960154
39.52981760156821,19.72783176361478
0.32421778319579175,-32.900705159937814
31.22003300738708,44.61599520751
29.808339274201057,-12.955746221786427
14.840133524884857,42.95636988343731
16.02500654913112,-26.643544945573577
-41.656747559793885,-39.71885152909978
21.19118574403358,55.81921319323004
-20.39911239852598,-26.239782480625216
-25.545672121437356,-67.01228283699733
13.060318955740268,9.854910480536958
-41.98544628188895,-54.190701341802125
-25.83961765438494,-25.759853522944503
-55.547887587500085,-1.5268646216613249
33.53052833839878,32.516004133374786
-23.949694862026256,-15.017098499025037
-56.5797990679083,-37.0332863836009
44.37197544883169,35.50033135889439
-48.8218680810039,-15.681037038006327
-37.58049273644827,-51.34461684805062
72.03694022287951,7.060352644080847
29.610018184690198,32.34880716404029
-18.887918930086478,-35.85835360961697
32.19428907070031,30.98065548850883
-23.580574043139233,-65.45868023896688
18.66630927024122,67.74554575936841
-51.79123030174691,-66.83060459334857
57.55238824302104,18.514221467911856
44.148823922453666,19.93769772657442
-51.30199489603295,-2.6656220300847124
-29.755494487795815,-67.41153740739043
41.127861247603064,22.184771277137237
40.27338622679295,6.789130095709627
-48.23728682998371,-54.821485647116496
34.33556770202226,31.95855665454225
32.815862117533456,23.488518409603422
-16.700831178305048,-9.116203814158084
-26.068756228666246,-61.44408740694878
-33.34142158359114,-6.13571963443151
24.159047200455785,19.38932375077389
55.45894819306841,37.731583574053744
12.582337624160829,-45.33392141537943
-25.386920892705177,-60.02960921860274
-62.369149196047104,-14.537613912749618
6.973705102848385,50.5297021048713
54.24718179983899,31.982327714429786
10.186692807945988,-18.490080182888914
-46.42046573913416,-40.42058119783925
-41.27221597722673,-22.23817410111284
12.834338830629363,-20.95644365512871
33.70064042862234,59.438385521198796
-70.07796889494377,-39.134564528911255
-20.85534536525887,-25.18986224415292
-52.31007495938424,14.878506516327192
-58.885389352943335,-12.36489521622616
50.55575519526123,58.89316810030053
-19.943945311105836,3.078349126468318
39.120017063095695,29.82029892442946
59.449165056585684,-21.289873252047002
44.16806811745458,32.47272452745943
17.23165106642619,79.16279667815374
67.25310563508009,7.620507086126093
2.295387325745555,26.570061382132444
-0.502358509602459,-48.06413031354542
-41.553751634327654,-21.040969147529534
29.08861461618821,14.78010277595649
14.902305692786111,19.2909908913247
26.507468090679517,26.656348535532832
45.23930963213411,46.25237553850607
-29.374401801814606,-35.40152054399516
-39.08310341425606,24.397915410896907
-65.14114366566065,-12.959603418188948
69.57760813641914,9.161727922243045
-1.6279759536219842,51.5260435968075
-74.96514812077947,-40.68624830959061
-21.098787081531817,-39.568175669578395
-2.50400490778782,-34.85333059018299
32.80153113659423,32.50088452484814
35.69632068078652,7.289366043428792
-34.90258924483031,-22.55093023396645
-31.159388277559035,-34.49546833304105
19.583548355511024,28.660577504122315
-63.91397465505768,-59.13686454232379
19.479504836785814,38.34630183610095
6.937783586283757,12.694523232856707
-10.588632730980216,-38.417536582264404
39.43397416154772,70.77568989065963
-16.896247293291722,8.859116476022713
-58.24065795806201,-3.516251327931215
-30.882226548812344,-3.9228199181065726
-12.547604951259533,-42.92783425398008
25.453951027206053,5.181299040254686
33.51840785599375,11.762606930688698
-2.640010904593847,2.6080785224297713
-41.30379578767846,-55.825159935051104
4.314355935392754,-33.371730948817216
-50.66176542278834,-39.344667503907786
-32.14301102056208,-10.602280970311561
-30.170852789341524,-40.35883486013228
19.95346075591857,16.666422892148177
-13.469768354641673,-29.625658818532237
19.95423651884991,-11.459445816453453
-44.27717847982855,-32.117617166043004
-11.313775971764766,-72.30209684483339
-44.55555411857649,-47.00957719801522
-46.58836982632224,-15.253098782250902
-1.0983603984262515,-31.396795701789465
-38.119508173525006,3.5448289197198406
42.77025387113787,16.38334808182205
25.670521181579854,68.12066771592204
-57.55833057012672,-55.70841970081614
40.991187029481864,21.166229595979246
-18.072756929039514,-37.80132500645458
25.214341381668245,49.44501838052793
-24.691485132950515,-26.2334081808194
35.877337990248606,43.36525072828411
50.04599135849444,48.6108203675368
40.69190700836664,18.37994213089018
5.847419438628833,-62.5785197416607
-10.516455782203643,-22.990067543420132
-12.00426930633349,-3.138018175899056
-2.9516629271003865,-51.20788832526878
7.197495907909193,-40.96505862037806
-6.181342975507789,2.048460501321067
35.767517284031456,48.87493579554888
-34.71094553717318,-28.333952483708988
-14.02740050993578,-65.70177746407987
-57.6546492715864,-51.317249084359695
68.93922529018846,5.433365073630551
-33.39152702304146,-24.075923799235383
-11.104305502353576,-1.288892700658863
-41.38465033099639,-33.36958201520708
1.517076811172501,-52.753504365001014
46.98127950803685,21.53463373964045
50.56865372847243,-3.9849703448582545
-36.44757735981142,-24.00718404648285
-35.059239281062005,-20.27638660721016
38.104113650192616,16.055067467452243
17.58761157304702,13.353152604815243
-1.6856892992493187,19.742447946571495
41.04652837979167,30.96790680719992
6.866766569975987,14.390682177435268
-1.596347579962341,-6.206315144042826
-6.003252562539252,27.24554082130622
34.58866222137682,43.73730794454704
25.463390009582522,20.288152642527546
29.764561715012,-3.6411565201878346
-26.47438547950465,4.303354198391233
63.10066020999003,21.576912468496268
7.136883685639411,28.454255490438157
-29.826926351279635,-19.5032056240688
-32.9694839882008,-55.85723089173996
-30.99588668585231,-38.399439488387415
-12.602392823800002,31.56274195450296
13.608483641884902,13.323792694490376
49.285657120987565,22.00931517675345
-44.96658645767553,-52.175050085429476
-58.183761660915266,-22.044715968159398
-26.93421902188858,-26.23542103255489
-34.46760032493554,-16.32207993623789
24.70061435156721,46.596528557548
76.93181394008936,19.65968663102007
-33.768730940801916,-45.286101296570806
-19.924091957225407,-26.949398510400954
26.07609859550057,9.555421067609519
-40.683169832256546,-23.166111325571798
37.82192891761638,28.586416278544906
24.787075300942085,46.08784135346593
41.49330965153818,44.576418944050474
-19.324721345554703,-25.118134863564247
31.21904516686131,12.098729108983829
15.779695141941643,24.536462466722615
-0.8560730599071,55.84348310473583
-64.18827682867939,8.792471604490288
-30.736613961304567,-6.5185600696873465
-61.3135865365757,-58.4406711862194
-33.62468485806038,-35.462708599792606
-57.29618165701805,-6.882861547472054
-34.85713306723315,-10.177011486788313
39.814999653406275,42.43431241116595
-20.95280714855205,-40.525584293647526
-40.318901509245535,-7.424625183103082
22.615208491790725,13.331819368225617
-1.5107567282965917,37.6304026272995
9.172493658669968,18.763489458623994
-48.18304927463404,-46.285761015555906
4.509584376316454,36.06726623020391
37.99745687634502,22.495154099625214
19.643862462265773,21.646195136615823
14.212376796590757,16.677490545545176
-28.967103405849063,-22.594217671068336
8.974238375101933,38.376106881442595
45.81996289498402,20.369651921020846
-66.75838323697235,-4.419545452297406
37.58929720627569,53.293212308634565
-10.571788559951823,-10.587745616766103
-43.652729488139045,-10.558430879716031
18.39197532426136,-8.162323320861425
-33.29947473216149,-36.09148920346362
5.143469916109996,22.58499935933326
54.06187343162321,34.544124499765466
-35.95435815602975,4.8711026529785215
6.7226550555431395,34.10630427556082
58.60139433376167,38.843431498748515
-19.444544663198634,-16.993322333886027
-67.81872709907104,0.7897151888786844
5.183526497987003,-40.63754774148937
5.008192227926209,38.58743677977044
32.28590052997557,42.72116562589511
-65.51817979938176,-16.507341849424897
33.155205989207644,23.04212506709913
38.39882855503246,59.784742907616604
-7.10124176875436,10.078947755218678
-53.614859878229076,-21.07061971500237
2.9520859536121407,-46.20527487261231
27.596438477959293,35.714584109667236
8.631186546233025,-2.522146031570564
7.8052947667242805,-81.43543081567763
-18.656934447713347,-26.696595883278995
-20.651559178016,-24.140174877825135
-25.97267080540777,-38.40545186326477
46.2417571179993,49.603350732572736
-6.126556531422118,-50.19449456080976
2.419127555196347,69.48812415867282
-2.7453901960387697,-45.36994685817382
-6.521929883601331,68.68964309235191
-9.073434019606857,19.551567284252528
-59.93033986977953,-40.02423199783523
58.34296177759397,56.785161471217435
41.86629723031919,21.852071993139102
-56.41878030387362,-33.28228430744527
44.59493068833459,29.44149253207642
-2.6019419493032103,-42.82748751922771
-73.04775893980744,-58.660034868819935
24.53094208196851,15.02898522981017
-19.781776119996486,-17.023253657506565
1.487160383527744,38.508335473495485
-3.5780880401200186,-19.550895971582413
2.8881061347509913,-59.01811787171433
-32.81766598048309,-34.62309995024902
10.765830211819765,18.24091611328712
-28.639057919544957,-7.92967256104928
54.21138061530027,45.13234669925525
25.364363208892613,81.24287713717752
-25.53898788797932,-30.99735527482048
-63.90461819844895,-26.13130335625739
-44.03975739139041,-60.97403126749994
0.15723203378617967,63.510957389595355
-23.03726488010411,-44.56071095217972
25.36412737809236,-0.45261184795712595
-26.010627348453482,-25.514964978483334
22.18647633793715,8.92933459502261
-23.686514190602324,-36.54803713647779
-45.089833880556455,-51.52347794645519
-6.742288431915156,54.24012238426252
-30.568418368703924,-32.80813258092218
24.358834721856724,33.11175749025098
42.20916665532245,28.994677577572922
-27.150689278847384,-26.769033177607174
-30.60988104462156,-25.31566537520546
-35.59092538788081,7.387469086222957
8.82519910914506,20.296277199868285
39.411945946738214,18.16743721128045
-33.83619886598426,-37.1464562170223
-11.504205604651162,-53.21448237090649
48.12782612751805,24.814155675670023
10.447147633614584,-62.14259564615868
-45.10639122434027,-18.233691773735035
-27.146189304718114,-7.018665297403452
-34.55676949655293,-29.660606883011443
8.126635702696447,-43.30019063702249
-44.934424101481454,2.662046365606116
-72.91040856684216,-16.821415654018313
-44.805480792240715,22.064593492310784
43.9569974880875,34.22149596021185
29.630349398506873,7.890890418192562
-23.009508887105632,-31.263305802423073
-29.39028177429315,-19.286814309458116
6.0129040042407595,44.91385279555923
-23.662689129521052,-31.536985631571852
35.230907398256164,-8.608947520527842
50.08116638141438,47.71723382724987
5.931487036403858,4.00891701823566
-52.47206484916909,-26.862724283703145
30.140564172917923,23.76610635906362
28.673681356740975,67.00804914097495
20.701101635603642,-13.832792647443071
-2.1737764140782616,-17.311415607220432
-36.4813624101897,0.750798852144964
15.68366411018659,3.8178282034203406
4.31515758277348,-22.0738234278139
-40.735475248125965,-55.943267554466445
-32.80573599341836,-53.11636735185253
81.09181195809042,23.11224104811561
-15.924919035211321,-21.836368100770223
50.40916469281336,6.228463797058247
1.6758391225956828,39.924753258760816
17.68705778277252,19.877975197174294
-46.350504247539135,-8.43254125443092
-14.084036539351317,-14.328251611600408
-42.27555704970482,-27.240742272509642
30.239547341706544,31.3177131527787
48.77548570576068,47.120737417475986
-51.15930202039214,-40.38829637206664
2.33170952773699,32.958723890875376
-22.50036008411241,-14.180426701604087
52.48534123034784,43.34029375650313
-39.82219101301794,-24.87864026897804
-28.419666962855317,-1.3706244223661912
-51.928269243515835,-8.175133241311823
28.894402475180918,-5.6539773771245265
36.13936502717341,2.220605306598106
39.49632635885881,51.21082615588627
16.068447264358976,20.571879196944323
-58.49163527718965,-40.796892369713866
-51.2371832402593,-31.769130654385272
9.671642416956434,66.65117643988752
73.0828690857781,26.594549970985288
-4.966314844812381,-34.01293105110487
10.730337901894757,18.162912973377217
16.485948338521567,55.60637113096078
-38.500457566311454,-41.41866499806114
-48.18268811685236,-53.44758810260755
-35.82969188527607,-1.842831313554882
31.07841002454387,21.522707867708167
34.22959382383826,43.59521149640804
-53.097761406501625,-58.41900581501564
-59.34247653568434,-35.440088260446856
63.54205611516055,-10.262255355709627
26.593272268092,16.94109911274957
36.04400606659866,5.783818196788268
-9.096347998766564,3.077604342673723
32.367834707138634,9.767702823923546
-30.217980773480296,-33.239452538290195
-42.831289578296804,-51.77107973069408
-6.069417965522803,-24.60581997266002
32.80180010108189,44.472783742341235
-35.069034749065246,-57.84984124256226
-22.65506300476336,-5.281255271725051
-22.319697742629405,-39.865697324460356
53.7439673957101,65.61441490740249
-41.82773935510209,-14.487035074956601
29.648276358043965,37.1376103745455
44.470287633207576,37.47755647501934
1.3048359399482976,33.385115591685334
47.9133098405798,45.36699914170488
-2.5128251663698045,-42.55773044164617
42.19167760544668,46.07159146415915
18.157191624180925,51.67955283490399
-0.714018654918334,38.36088247322415
-8.860043904143382,55.276372467470054
-61.358377768435105,-20.71407955976273
-47.42188074673949,10.968481601293334
18.830919419545204,55.0940385187013
-44.357400570665035,-76.13678265628495
12.261022740305311,34.75709804290928
-20.08468336155454,-33.600448470583004
43.30377002664626,40.18494145812164
40.390196315001845,68.71932338069655
-12.766607194407712,-27.356242525724053
28.10116535181794,9.44641464915168
11.920586735092456,-47.76868140151016
-29.646948163448016,2.063086906561246
21.071398513953014,25.75186761470022
-30.477325312066853,-64.88280407955747
-44.78460820962732,0.425421492787045
29.532928094993558,20.777145788176746
-44.615444847217404,-25.852781938956596
12.621464336587408,15.286210327786511
10.230522114513946,37.88068137908605
-40.82826566505881,-35.825110583716636
-22.479809080923246,-26.571014414807937
19.14273097209533,40.84725677597143
-23.59156177868573,-27.187154724372505
62.95133371594949,26.45547136127221
66.371076353339,90.22947601880287
38.74694535112608,39.91438657972819
25.706157425263264,41.41079741902027
-30.337516522833635,2.9747393670910185
46.15194248620064,35.90844420472348
-3.679649939931675,-37.23512080766903
17.612294563280514,49.347415898233336
25.804624864593716,47.12912957562279
48.12590989771122,-7.3911838930939595
-42.74189444399248,-60.16635491334226
-36.98432331218082,-39.41670190768909
67.76552222019822,24.110427397703056
34.728195547150705,68.93322209892955
38.03484787020764,58.037520407772234
-30.263556984212467,-20.789048377219878
24.729752269021176,50.26699751983136
45.234882057275584,35.7139629978827
41.52729697372638,38.062678791600476
-49.16618324379961,9.455588107519674
-26.748902537905902,-21.108408026217187
-17.18941537586342,-3.336709288362492
-47.72043965123072,-19.637721628778905
30.978779441524495,50.04411129780575
-75.55307196067974,-54.10094579501279
-44.740947614838404,20.385614661151436
-43.83069123314162,-36.245260107444224
-28.189890042806052,-17.482581519828887
-19.330371719449108,-30.494037236989506
66.52523048592215,13.43457180753822
30.29974082932652,50.275720585905844
-5.4703944952015675,-12.094425672657746
-71.46477245551287,-18.919491173867108
37.691426725805115,10.877770967854602
4.140864447647331,21.859402802974085
31.179358676376204,40.63903149443711
-31.836040271836854,-15.682001922203831
-10.3570888400601,-4.180314724504505
-65.11479908746045,-10.18255576047061
-1.7743732550173945,-40.756221248010824
27.45339397141097,46.712894940818266
13.512766076284247,43.85172797175233
-14.43412512404896,-52.68242791652682
-51.88395027259722,-47.391040903089454
41.31786795053743,26.474887840217992
32.98250248455648,34.364710229097575
-59.02972348973469,-18.70792933921831
2.346139553455636,6.310390067848452
72.94792294034517,56.53437222915513
-11.837770276616936,-37.91463814520918
-43.469366502707494,5.699308858633685
33.35501789159839,-1.3510348229491882
25.728944577980045,25.876705018614327
-18.576470424468134,21.720826495275723
-34.30922018129253,-34.02579216759279
29.13800523051083,36.888738464591974
-47.740776749174024,-5.3513934406694155
1.6347300333819277,63.08578564183055
6.570988395324061,20.20213752234777
12.397393536381532,35.2363868523304
-33.695278524545245,12.07264012121766
8.835568624945878,-9.036941638187969
0.5804996689806252,52.56771086009343
-16.30182258692539,-15.926037027240858
-46.07071150439808,3.044952775524891
-13.478446920878472,-31.044075317518203
-41.36516819265417,-49.10018225556868
4.2158647309965005,55.42538054721453
-16.08316784676843,-15.205509585727304
-35.13805487587835,1.718877395844281
24.735540553372022,15.610613232143676
-62.28065949391011,-34.239457723167206
23.09130240509359,46.371352249826145
-65.1149206433488,-51.72115950260699
-13.147153120580018,-28.939069132827655
17.85857440603841,33.89695628424771
32.39752782640363,11.90425001956832
-11.725818085252829,-66.10052012141037
-40.994150733000254,14.718618604812256
-39.702365615356925,-34.81068666259774
-62.65750828804869,-47.289562592795356
32.51750868663242,25.619492511180166
48.12725491408908,39.735459025228295
-54.58363124779222,-33.203540509411496
45.71188474013073,54.421501659665665
35.01147413085485,3.069472279822296
-32.41775210387372,-26.90972351776982
-2.100234858266944,6.702373782762471
20.7955198872124,64.62412655230392
-24.014434070613177,-14.189847121734884
-59.38737302086351,-19.52869193801948
40.90478370294976,23.982257361070264
46.997245365457914,-17.434380427006857
56.753671196749394,24.609249589837187
20.89924876725837,-51.90948580360278
-37.275884373539824,-30.06513269401796
11.853284518759672,39.586125656337
24.97966935039145,-0.868075178111475
-65.98059318827558,-14.761003619462269
20.302811792195506,10.858989528000897
-48.02201205346112,-38.89114254626664
4.4427865109952265,52.250002299920524
4.526041026696653,-51.40667457992047
20.568846566806144,8.615624347581907
-7.838182268514853,-16.94866206433677
-98.7373709356256,-7.8204161594887935
73.0515075793362,30.580345348174898
-35.731079492432386,-29.094913301047825
14.003248739027098,3.464613460443914
-19.03573991039611,-20.39957410743684
50.42185329135684,75.04325242705744
-29.729510389043543,-2.216323133824922
-7.423460884676636,2.319201587309866
31.830730729612206,-24.428990289789052
64.90669810664434,52.95941605314255
44.92980109498762,5.12318976169535
-73.50871744065796,0.38118769316329093
-10.473761009278249,-47.20446142449143
-7.0103446375171465,-30.49222937658911
-68.90187466053457,-16.033053089969552
-26.707977398639585,-36.23290632942051
36.77609656801551,53.094747195561155
-26.062265536271493,-45.51128548669608
1.4703167743559895,40.20967822693565
-20.67498716982687,-0.5910798097609913
-6.367908289797313,-39.11118763252068
-49.18327889916678,-26.033059734167054
-48.98843654570757,-75.20386471621094
5.475282453463393,42.64605093643168
-31.603624931057386,-5.115076979077401
0.6738317914815113,-62.50739384504916
37.07650882845052,19.21036616020836
55.335964921288436,64.70497362418558
-23.85714809814953,-0.8112028187130029
-1.695526075591367,15.664131138309541
56.328772028639804,9.328642547888705
-28.611452732863057,2.672050713536642
22.621697358812053,20.520968423887467
-33.57593832328833,-20.38260331661329
27.731777535354563,31.335150455715947
-44.08850589212848,-33.32655475511058
22.269763390006588,26.087005153117566
54.027301087725874,52.40747153389514
-25.104728904989624,-19.69651112765289
10.310094876369877,38.591523784554845
-18.50778938527938,-46.88501058118125
-25.194774667825897,-24.465752635216553
42.06218869268355,44.07166284912337
18.100048059892565,40.94262714722761
-8.072300288787744,51.47640271929279
-17.919112070532783,-54.82459148724425
57.184182314515795,46.94555063848722
-38.995695706833985,3.5194927019436335
30.654189508446223,45.479774541666075
3.891768559904058,-16.665685059869617
-48.653968065677596,-37.41654908620243
61.7254409024039,19.4553379897879
46.22991143730388,8.640536512793314
-49.87439754753969,-27.417783503339713
35.954442740336724,43.49813896047902
49.195668908071376,-0.13190271416814525
-13.420525332567578,-55.329996576210675
37.35024402467203,39.34283804005203
-61.552784868374104,31.66974396535906
-36.676946570456,-54.40281262652452
17.184679689539795,29.40665467297829
2.4785817423320538,-31.723538907271355
-18.162834391510355,-15.476075771506512
-66.65859242267241,-16.18298486549175
28.08264692420365,41.50173472621753
30.02357842734169,37.75641264568606
10.834921852684339,33.2467371119763
-24.52041095502068,-17.76481325001973
-20.647137058226495,-37.01421469953012
-22.444953228322078,0.965909636104616
12.910473269906635,13.901172845587407
43.241033611395316,28.700956566337
-4.363057995410461,-17.72480233913381
-55.3278154601513,-33.47435201742657
-51.952294485217585,-7.227460253377288
48.4529110483584,52.098762392621765
-78.42939152244011,-21.120307194831284
19.279182178809073,33.76047924910394
3.035805143207803,-6.165479087371494
11.218385946495491,45.214930300450504
-61.38258867538248,-32.04820492176486
22.701042881756504,10.751562306889877
28.75832255410015,13.071759078645545
-18.2814387485778,-47.62993658698038
-52.03584740470548,-13.036874263843803
13.143927642653669,50.53119031821359
-37.345581576091234,-19.95790842851501
-47.29394171740179,-63.805166655497
19.575493898178134,38.46468702988507
-29.71853480930531,-73.95825462714551
36.733585680113265,28.697512693282523
-64.28659371344148,-16.468604056929912
-5.031080849802741,11.99632548683756
-68.43717679235024,-12.715481455850394
-24.599870688762664,45.55257836059448
15.982019356727655,16.60107491733676
19.820168023724996,47.11692308138724
-22.210062269543666,-12.346030542967931
51.376184904204074,24.12582842322786
25.257083299712313,14.406242104173606
-13.91926678915565,-28.224366408250777
-38.7276999686329,-35.80666962506564
10.625114600354653,23.911208158852507
-92.85233055443874,-49.65369179770468
-39.16820957180989,-4.0563432350777795
-55.08332350742168,11.030073214316772
45.012094043347275,17.196834791726204
-17.12470825058805,13.334972814295497
41.3703515331322,23.308904890606783
-52.03846219508505,-4.282615855753026
35.01670113248351,19.480229837346677
-9.20521506734515,-59.89483726249881
64.32791269987737,10.552353140546671
55.58734740113736,19.693056465522275
52.23869422033815,16.303854195146414
-47.658774497865245,-32.42210618100773
14.425916122418743,44.3952141281204
-10.981700213184237,-1.8042783507137763
-9.079945196676512,41.21649901868881
-31.312656240434944,11.721469805087267
11.243236058730883,34.41945956876711
-18.55377132870118,46.962861661355674
12.169090693181126,-33.591723085362425
47.79909673320512,29.8611304032192
14.419464974270342,32.013048067579
46.51870386244234,30.857560919376837
-42.993927842237326,-0.7639946998310343
16.40311538886287,21.55523532901463
-14.846595279647723,-44.67020740541938
-56.46130970075989,14.4709947528277
1.7813989665871404,46.739841935986085
66.21455267057698,40.28525731015552
67.78826714160539,34.693267908683204
9.710404877651143,-11.061297114955444
-23.107624428558246,-8.143607642637875
-43.94284577011429,-6.774826615187454
-44.64695894351042,-37.84656193919459
56.65478120155716,38.59555169312806
-13.414452949026295,-47.32430741197032
-10.380575934257358,-1.386755753324561
28.615872125262975,43.38844539689363
-42.678817821655905,-52.97853971840689
29.78291801768225,47.566780034412
-23.209785205838628,-33.07356026876601
-45.690218793767905,2.241625969588192
-32.755441563277984,-28.56679998963834
5.226772735645405,44.17694862231143
-15.278853772584064,-25.586424497587323
0.23975075395059164,-41.059405439219105
57.92447388596938,44.68474050888485
-31.20788021472276,-42.41348630580596
49.12100349655749,36.520375072324384
-62.72653755731704,-22.144693690471335
8.845020455871179,-26.368595461655893
50.59354925922203,22.024528907505402
4.616861414799402,39.09559794009071
12.078194156060956,55.73184780550161
53.742797395286686,-0.35377877534596536
3.243236485406058,-45.285185589284644
10.601037317939806,25.72960480416814
42.576070149874774,51.75045311212173
-26.640428520648634,-18.17823757003778
-18.010356239327603,-22.971607227150674
26.590706654476097,29.0069118876604
45.405390744598435,22.447564159760603
-23.813987908695793,-26.783481979199653
17.893141412397675,-29.055653618782255
24.712613924929716,32.105186431445254
-34.72022550693072,-35.63252002920975
-28.595822436060395,-28.98252218863783
32.100611963791124,36.10443494395754
24.934502954639044,38.69657167708034
81.86213685719463,70.11667656926059
-14.744725963321246,-18.712829571044622
37.22877824132238,38.69782283383465
42.53276051459107,9.336435175452639
2.7931431754877956,25.199592262625465
-22.26439053717359,-28.63563188796555
-20.92112322164937,-61.48541483432223
53.59340830772751,62.74484469101524
2.940437566926132,38.43978929698028
-32.91906842829876,-40.388660400200166
-19.52704158592472,51.2252962667775
49.105368330375654,42.44646756271327
-36.688238485062115,-30.11786927779706
25.164382027746477,-25.98079109650513
-4.257499023807512,-17.814596300086816
60.21508524898252,19.917397039467836
54.73331897074878,39.845758387505846
57.963431554017276,23.103824219997023
42.638594987995894,44.33902764389494
18.186328727709252,10.979396150985167
25.977927187644788,41.89493490766611
-65.01525424764188,-17.06946575412183
-33.005155412050485,-46.8865242457084
33.62467465950916,28.41616000631467
60.632380389284506,53.62789849694501
-54.548567279151264,-42.10764102723047
-45.18168312969648,-50.50968699935807
24.087073035236898,40.54525826711132
35.11540387383097,79.3911892412109
27.189230589190725,66.92767111839132
-28.0529194858212,-17.967168760268052
24.62946539102643,13.503817089451601
44.742735251511405,9.289314834576025
-19.442908501357458,-46.15743175432047
30.728793834282556,-12.874786891825714
-19.43603831089547,-27.56043151196223
-53.33368886368808,4.06162164072218
-7.305714248652446,-51.10390308885981
-59.20589825918988,-45.062245735275376
-26.267310675938226,-72.61559060969904
-23.31034608537783,-37.311362272209166
19.828054024238575,4.1055018084969035
-34.81229483033521,-8.08142874869548
-41.31890806485673,-43.66954656812993
45.706919283507176,-3.4779563277310572
43.85678805510207,53.64952193791946
18.13293738426833,-5.656706908994572
-5.680932328899768,-38.68683637663649
3.661427458703052,-51.676665011740496
42.083028462000236,-6.145142616898596
-33.619145662051025,13.138887473525756
14.891536614100445,22.76715837038512
-23.068200668030485,20.76525109289519
-12.52193713750236,-67.79649829404778
-35.7916554095434,-39.55740638574034
8.195935583782259,43.687966336925314
8.244720914224764,-30.777656934260065
-25.670655933131393,-20.31810932021505
49.71213072268684,64.50942625063519
11.710012663555812,42.600099881901684
31.025922966425505,24.250054249395184
-14.824452053071212,-36.96538832299829
-44.10305055541418,-29.572365331617316
54.93373586269276,32.30531500565985
32.09572280303851,64.29887692607612
27.346155409398182,22.175245709749184
-15.88946287834823,-23.53792889261225
-6.395915648619539,-32.80969426487075
46.86297434275164,27.760666177856052
17.55101176219715,42.03272388544348
-58.550582143742886,-51.0339604633315
-5.841713505310601,41.08388959181055
47.701170610024406,10.187101600369207
-12.66517252568389,-20.116670346608814
49.344249276707416,56.38245456072724
-22.51422708011688,-19.99788997967353
2.162216130135441,-29.18258008073377
31.71961918219133,33.76575670430117
-4.376615258817225,-57.964315348685034
70.02714939312676,-10.047990862638834
-6.036482852513345,8.78203738098492
5.802750848386026,-41.906121800448425
-24.31746592748811,-4.265319659332555
27.64105041959419,42.98756974965476
