-35.09483836637703,-19.951530023840327
-39.16722347155811,-25.97216067696222
-6.392303772483018,-38.19595674301226
-39.452258462859255,-21.4871049456319
11.03082994462942,32.49204792447915
49.313751729550034,31.076558880231044
-20.906511017764203,-62.06620197816075
8.823743300004246,39.62307040022016
52.553500767940236,42.097772565453724
-17.60617727232552,-13.611471985662202
39.22748125394567,28.56098543173787
53.021081115401174,54.283510299268315
-63.716459813036856,-48.08215789257148
-46.92230337340762,-14.811861815682816
-47.48329072736932,-8.26161932528549
47.89887181695712,6.848385734789101
3.431069468764292,-45.49822031649529
32.245908525483664,-2.6076320854317316
14.903269957040212,33.46410508399158
22.4284769358215,40.1008314394239
-12.554066942042038,-56.25495307661033
17.9139710878344,21.832066216801167
23.501620367338816,34.489395348082006
33.22074684051896,26.5862604730429
21.455441758743785,26.58036214806886
20.141075056528777,39.71919370107149
62.946639013527616,42.06006447731616
-9.903554934154485,32.29607227309054
-37.094612477559416,-78.9668443724956
25.719776358618645,10.768618336327258
19.182402205367218,53.83612228100779
7.445575339470345,36.91752647955532
18.333671867737298,20.506170705903095
44.93653260857526,41.16815050550745
-45.53810658225473,-45.3391256654753
61.27929340623221,36.33781029188917
34.6355628712559,43.59332120461531
-30.854089980086474,-21.9293050377147
-10.822623572146373,-24.41318550299689
11.304552100804543,-44.417759340402924
7.364640567744583,36.05582195015498
-22.27410525620919,-44.030638323640005
8.721038764602433,-32.42841405193378
47.202414133834765,19.13982938624501
-14.806071643879788,-29.20988169912966
-55.40532751071138,-30.81313630475683
1.4941932743950481,31.58257173605107
-8.58709038770337,21.85515161999207
-49.83552593429798,-20.54062220776432
25.578370805133854,55.32329934184591
-33.730062506588574,10.852010277568446
-45.762834110028834,-25.114004640607334
54.5970708503265,39.66473565970473
-1.5038342387728676,21.511581049303985
7.5501968511944,-51.7357386275203
34.159508290694305,34.3732816597359
-52.62971144338354,-19.573801481037556
-39.89947154744095,-28.2332317571459
43.1350230779921,30.4489579581776
-8.692109449809095,-51.38959024068076
-68.87013504042145,-28.36885349184051
16.24185093513646,5.592503145389625
13.704119147484409,41.61344864520464
-23.312232301664437,-11.414711618315206
-29.400116822379033,-54.9228215467555
-35.58369091236851,-38.70898485801691
-34.933584652626955,-37.0880324680281
-28.046268474361202,-25.36340138406165
60.23716455545252,21.433791376075273
-23.84740205661255,-14.939864306416455
-43.30708511648629,-4.696549802374371
45.10023278403904,58.98023623856777
55.510063284956374,53.07252703003798
38.08764492136433,54.731115152656024
0.4019049835289934,-22.58750522940404
-34.75226683594878,-41.04407030341558
-28.574000591746763,-13.705528138972188
2.2408493554196056,-38.961454939886934
54.72808345448645,-2.9324994598480316
-42.708879809400315,-15.99670021534061
38.28145058752275,28.25779708742226
-8.777756414322507,-16.240994032095006
-46.121361831446166,-20.252809831239777
-20.664284106745882,-14.04447849854526
32.74030266336089,36.30248622350065
34.032596393477945,46.184933318714656
30.042819684955326,38.32288167488212
-76.12616931482688,-27.831859922752326
16.6896832711396,6.279643567005447
-3.3469538299234856,15.455803628807555
-48.397907661648446,-42.48692349273934
1.4432411438123829,-40.513403827077
-38.36891521059237,-58.87968184944211
74.16460582044522,18.382826899123366
29.85565500016209,34.66400810841596
34.33385020843495,33.88066755776909
11.754187951815364,17.837534991956993
35.72492508432655,16.514964284137296
17.56183154807772,9.383943480935667
-23.934972838173238,-37.54532208183292
46.88172671321795,71.39808556043451
-30.44742981788143,-56.04395299670442
-14.60415152734724,-24.348620482904167
-21.323191646199366,-42.13439721585216
61.229121688544254,-28.814922786828475
8.753456824277297,73.82995024841362
-47.24636954817752,44.7170074574384
-27.991866758611177,-31.065493871551556
47.83690556943524,57.91624048284935
44.922936590394436,19.265705730576663
61.89243110578211,-8.720468398970056
17.233352458058334,30.304112990144148
51.28241823962795,61.54450877739801
-64.65224752328974,-29.984563553845543
79.18208711987634,12.520677509862729
-33.16355251121802,-33.31149595278122
-43.23974997731478,-46.3027551879421
31.345165814781392,64.69952524734006
46.58617927516036,63.47435814932436
-21.706185260046674,-0.06461865050109594
-26.93809041311513,-23.141581875426304
-8.700875263286008,-6.636401227139636
45.68621304884868,49.02145116198474
-36.378900204758025,-48.64802257931075
-46.37051384800984,-68.30012286438678
-30.052496641127206,-13.707032196749552
13.354151295668327,36.0368933686868
29.95263085025997,45.75413411339859
-43.822925378499505,-20.14813226366621
-21.848528459810908,-51.27403350230141
-42.05387242694189,-14.317437211082089
-17.022123600522,-50.10770159375239
-4.050951130260497,-37.80015463325702
8.732121806338412,57.251366583678546
-8.752158626399378,-39.642046935099685
-32.167948544678126,-24.444587908615247
65.30246243713343,34.90289180259687
-27.03904313048873,-62.32392201641167
-25.685061726607127,-78.88602563225741
37.72163773173232,10.32325784149667
30.292821970608536,27.13637486785112
35.46859709533283,29.938422050169695
-17.025106863571985,-25.181460653627994
-49.06258788862041,-61.17971531156513
-45.42853121949232,-51.569834150310555
-44.93611914574741,-14.48715380552041
2.085809981481354,69.61676595651159
-13.080845372087762,-1.1189067745952919
8.657416068518003,45.656789294951594
1.3716368391314333,19.3864927377135
38.925194740628086,52.746571164278706
3.950726536450752,51.53646583823584
7.873782067254638,21.957576439883063
-53.06621793794534,-39.424853017332225
-42.13744061202296,-67.10226401060427
-14.383300624073632,-41.473264323366934
11.300533776457094,34.98252351503615
11.284296900527366,41.75707973236148
27.976957392805225,51.409693435831464
50.50968263620371,13.219018446242554
-43.17297970190893,-19.192516554282548
30.448226268876198,27.22335105612866
-30.5597859348159,-0.8425947802302893
-44.87385288425398,-7.054210502817849
-55.527314984790735,-62.61997907549997
-20.47741480173267,-33.43721571210492
23.314370801598006,38.43661148738431
-12.294822165576598,-71.50717132566845
-34.78453784631466,-45.40779440706521
-9.240590861663726,-27.67376280825867
38.36492581129717,19.678164531336307
52.07408285663806,34.86360328209394
22.595503897757823,24.843678509248157
-38.71928834900236,-45.35492207129742
-99.66232520220275,-55.623438558362615
2.509833611744078,28.610799434938073
-0.30895044761880186,-71.58064590415793
8.124895812720197,-33.58299433267043
-18.674941807619305,-10.949408253283291
-16.363065754882197,-4.972450900053364
-20.71724978243763,-40.526961899736726
-39.115101425026616,-23.840504261794983
-30.62161267090913,-12.178288501874523
-7.172155158634645,37.163781076155715
-65.46028488016853,-21.27171477703498
-34.38700719941181,-51.248972554212116
54.11807515082437,8.154264306977566
43.98645248776502,12.3670197789653
-28.758766582097206,-70.17514379922329
-8.833877976833044,-4.613770200961454
-63.77860524916114,-19.26472196872565
53.959222143460366,29.84044850402736
-12.697211244930166,-17.840391280850312
20.657379966859473,13.64566643751142
28.34366624875689,14.96482098093982
-48.69138568016548,-20.18667830383843
-16.429845519767426,-25.065463459899526
30.734942466316614,56.047929113451076
-28.095298969902124,-35.4708884066029
36.68942307599769,18.472960387531145
-20.743581259534103,-26.757792078505474
19.9409768218096,30.766306497265546
41.95198342987091,43.74634126109861
-23.85037286554269,12.951703730592754
-3.1483627650142836,-34.34924493634477
5.645112097698878,-7.121757726616053
-2.38122861756527,12.257253300047132
10.98855761694318,16.557357609667648
-29.390894793512256,-26.388928290862694
-34.401886714405414,-53.73689985967316
-36.646809641286914,-31.29408807270607
21.805455350708552,48.79185343958801
-42.78857037512198,-35.191381640602856
20.808210077182377,29.487466328096595
-21.447755772048914,-38.87642219468332
56.3245043194578,13.944645492727116
15.138894580673512,25.921886476054976
31.194329509503714,33.16358046142046
-42.59719808759979,-67.37136741540533
23.54044776235405,15.57251627646446
11.699331171127067,16.921463628002204
49.41813587950202,52.42114089880538
-25.317212295107154,-11.067828581778233
7.089144711851212,-4.08084744062225
52.222686572826376,39.86472871098373
-43.08398322129571,-33.932251734361444
15.554205295339429,17.059879011825487
53.736064318285685,39.94841814256803
30.22032358822094,-4.965290391338193
25.941475413721307,51.57433993838835
-22.475309159950104,1.4924206597066458
-31.631151645480195,-49.53177687792979
-2.592374456763192,-41.29348275580391
-48.76649608823698,-33.81644034758759
-35.96611934067973,-30.35804494304947
-49.37735830284347,-40.54142329134255
-10.409969762608505,2.5544103941140435
-3.039801852618737,-31.330901016368
-25.327103718589075,-16.10978858846705
8.604592314670903,20.18907896618067
31.363447801288874,24.592733870976076
-48.26616121847047,-29.26178265827294
-26.85392397989146,-34.25383432495382
20.708429734555963,6.111106938649648
-10.888922857193045,-30.735182552974845
48.63758243505741,15.030499351601492
25.63862969634522,58.00579727241882
-25.926842357243014,2.2553134342858456
59.669310883998996,61.43179480570213
30.840469236084655,42.032786049286415
-23.09793635288729,-35.29854984615739
-18.448702628461554,-47.730680885013186
-33.09477130582877,-25.0396164387764
26.367126664438977,33.617779271364995
-43.275347074317125,-16.06057714060909
-46.530815336857714,-46.76305619090117
42.11959249097835,37.40012735784184
-49.77639532349954,-21.611115781264708
62.7864196532666,31.104990376827
40.06243707772618,12.254350864658544
-12.820319365256047,-24.14158692547234
18.07777563298158,3.6238813251498385
-1.0738244239175074,36.02840524444967
-23.928278348422985,-28.74010760584596
-44.57635570757785,-24.77627749979306
24.03961762790452,57.595200614967524
78.36840154119221,-11.923130655740408
-43.14418179054402,-27.037419830943033
-37.47114800331902,-22.375835145118373
-30.438563428297325,-31.531038179698747
-4.7189615357312995,-58.83572355907399
-22.398384465425416,-4.485042777116725
-18.38826331666305,-44.95977066078221
19.30119902370459,49.60642347745926
32.02968636685932,58.5416671016805
29.953020421598172,3.7502262110253497
33.10882271170455,36.01715375087783
-33.225803962014865,-4.524900551681185
-76.80744304848784,-35.25026306861835
-0.5076254271879641,18.850961139533347
14.377125099868348,32.50245671858112
-52.69285752112327,-33.83904777371101
-68.40956797109953,-6.609584900903009
51.03849057901556,2.549710895824923
-55.28151872242634,-32.85807528724565
6.678379196753262,25.785539241830122
51.4004751775375,8.438515144923592
39.26811753004871,36.94672782959893
1.988254174797035,-9.400059070124478
35.2852266836706,27.120357706964647
-38.98902835574016,-22.09055181651168
43.94990444935414,24.45941696294284
-30.50524674010787,-42.68089935225811
50.099014171523066,36.16178608560238
8.610981991409382,28.95004463128731
-54.18916787963519,-19.752296658389472
-44.40176361765674,-19.128288124091373
-12.216855297165086,10.005643925135743
-76.37010267529115,-32.57027013059031
-28.693886735475367,-34.746362081891164
8.093980976846986,5.231160094738584
16.468959849686335,19.20619797608625
-22.467704226790705,-9.505858190227062
47.74413908707869,61.125247771727096
23.564022811866966,34.06013170645054
45.279401601327805,14.518580207080964
-18.801340640460232,-15.67711060307435
35.01603915897697,23.761924076719872
23.01194603479788,17.923109080571393
-62.7982597441848,-18.584000462457155
23.649867114748314,7.0182912874578065
-21.712241031897968,8.868400957243388
41.438280437678394,19.438245466226363
51.3767342445215,28.369639882445654
14.432484750960793,45.2992436057951
-14.285073878787482,-50.266839122948575
43.99819545455652,27.94914326377088
20.4656744770374,16.24387596759722
-1.8577692000357295,19.735484616493316
-19.389542634740337,-53.70281702013628
-60.05547777435231,-21.518850318085775
-43.56788565242611,-48.446646582357076
-4.48622004120508,-7.249780086062518
29.16830212254868,14.08161869415325
45.80094642316247,40.528349833431776
67.78997432069156,22.12834962718805
-50.419631845586615,-44.40231099479806
-1.465785786428377,7.286098471530874
-4.020103328444517,-43.72920504804602
-48.31408606152753,-16.537680148551516
-30.255774809442237,-29.248484760623356
8.353506664690855,44.92512844837097
-20.72365326047558,-73.03875239447142
-49.7200693709207,-44.68966522703322
-15.800211805253399,-21.712492402272666
-44.02337480868803,19.648428455184117
34.88435908134609,21.371237965550236
-47.183178571705895,-41.80128212249836
19.73512445431691,10.513995195481812
-4.0942358696548276,-28.371000672714327
17.058955810593243,8.321384740172562
-11.410430256124073,-25.2295542283511
35.89496913866026,3.504839866728503
34.570860149440755,4.603035544588721
-16.63583252498063,-60.37265380095654
18.81633235135436,15.731233927379616
-22.366080143357024,11.293258170431134
-3.205931964409018,30.060270540657214
-16.574552404103837,-44.54657639407704
31.466533567401136,15.139778798166702
50.77788280331289,-16.42402386545583
-7.999156631952875,-13.062945691226165
20.347627152475432,25.45981276062288
-45.69930628356758,-53.80062911390717
-23.678999781836467,-20.12688092808226
-42.05897901785168,-44.20964739198354
-48.56501222831797,-58.88193959661294
-75.69401874204104,-36.636384480777984
-16.02216771057808,-34.368657378474275
-9.95975769533359,-16.546390347730718
7.359656022066371,25.989864775270583
58.25278862097814,25.557460800611903
-29.95832689589263,-20.31867419803801
21.023421454418823,27.794004314947234
-17.2662444925098,-13.344823249180742
51.84681639458043,23.8165779855239
-32.61518742834989,-33.773220381643604
-9.507717127101635,59.873016837999444
-0.7180311209599068,-7.70233253713802
17.682103739235583,58.19898563728188
-25.332922233984636,-37.887620245643326
41.82245013766844,32.10561255017326
9.526982556946784,-7.347726156956867
33.50665825934173,51.331703386170275
29.87942446474662,10.890497325323441
-44.983419969389985,-62.569855227030885
-30.192468755768125,-31.389582937192674
-29.894594518347933,-64.64842057467277
-51.77234031715048,-42.77315523873219
-40.67904946549621,-23.931251310755254
-70.53497776212484,7.039359690041621
22.25139068775059,50.836798462400665
64.7668215960557,15.941666194907944
-5.948069884235267,39.13145242753885
6.429572676555047,4.799745472120065
-42.58924992025861,-39.91808421346145
13.27307172348722,21.880517474031315
35.24001311947291,11.662794557487647
-15.560620720817724,-4.650767157333359
-16.64732221247985,23.957092097873044
-71.11495071013938,-39.82904710255838
58.29876224720469,82.88097431160392
19.273218664998545,18.165486381094944
-30.690354041775127,-54.98859828965988
-12.879866442635056,-11.653048578060194
-41.11265468467726,-23.66037911047547
20.405681854085472,17.28368247218706
31.080052470460988,45.16333674899177
-8.3366744890115,71.83400391377985
-33.08026460886045,-34.90523933445946
-47.23426915036989,-55.94391917710957
40.62703181800707,52.600193048101815
30.47687427313422,47.01540503547679
38.63272644669339,19.674942676753645
24.036199903893362,36.27001667840507
-11.823640537686394,-26.661019019933686
35.71024576637248,42.60804422024723
27.67566182142206,21.19963280282189
36.72525739980087,27.584674503646635
7.334399109985288,25.964921391567245
-20.137214687040213,-27.409749121894635
-12.90498306759627,25.165222251779923
-28.44675148488313,-30.464816224441037
-8.132933035129277,-19.579925397275247
53.564982163928875,41.89135621525179
-53.937811045621565,-18.893249156613056
54.42448930392568,19.71952534616295
-44.2535920378012,6.560736317055763
-33.78967097839373,-21.3989825052432
16.56192340957812,18.5881110289403
38.61874178590223,1.652406872752593
45.12059495492072,42.94957075109493
16.48638684270199,35.769424980441535
-35.83054338179161,-12.629868644070228
-57.83996561827905,-17.026755810779672
-21.653838734216784,-13.582328200417983
13.564186697227754,39.49977950080849
-16.03040872359949,-50.234787467879684
19.86605320928318,49.37527651055508
33.96969500089477,52.18202494912671
6.621959108173922,26.813159223097248
9.768247175016363,41.71850095092808
57.390740977662475,55.715980883393
37.90143334899177,48.46685929078663
39.005429736744034,3.2741771963090542
-88.26825975428257,-40.562033402682246
-9.460487461018051,-13.81411910438041
-3.5525132271248623,-0.7919604996096723
-56.90035075737261,-17.996893528444815
-49.77568873744696,-31.82735210582365
52.40715445695948,20.65833927500996
30.069935374845983,36.31399460717422
8.534499137433826,-45.48779843366165
40.46207427788627,55.04364153331113
44.46771898734564,9.916826873187755
-18.133452695354826,-51.17724233994361
-48.43875687281114,-29.617192009833136
-36.69533742844603,-65.0211296240822
23.167601962060758,7.262472255157697
49.834771800680045,48.95824207074994
-36.48527762731406,-4.309965100948574
13.866306634815729,11.16940857704829
-44.60748583927305,-11.799089283405102
44.98834168377449,49.10663706993957
3.634286771759573,31.09085343249098
55.49069812135904,28.354192535337965
49.64638521818674,1.6625505427916778
-30.091312405738442,-63.45927292228748
-21.10862756908209,54.03246303446321
-15.585866449086726,-29.637286526885475
61.194183095821295,25.84481670913621
22.986241257883506,29.80761412898582
-36.46221943247579,-14.150938449897579
-50.81548560212369,-1.6226914919492756
72.66672563353923,44.780652076165126
-20.355131205446774,-49.63738464752323
-24.36407710973177,-16.769975988917505
57.69272747621869,28.325469271471302
44.64605685615446,26.889333963417275
-36.38155352531792,-29.529302662461706
-39.44863083989361,-18.32880350015249
-39.417999891749076,-28.65871841512998
17.16013849031576,-69.18860240269035
18.98277349697961,19.77358340834218
2.012988782822454,-9.689407011374904
-57.25512114010222,-21.43012946774107
29.40147721221593,24.707871291737497
19.772940739193906,23.242413662875556
61.5488193830455,57.35989722688143
53.852815774246345,35.439139273767765
30.21712063201498,11.292390940680367
42.374683755747235,15.12414082595376
-44.25822302247671,-58.83809236560626
-38.70401005406352,-19.529909750459403
11.420905072991797,-4.433448629164893
-61.06607738041697,-40.0388031267921
19.35707699358307,18.1195975522767
-11.901838986935871,17.138546867110847
43.94103458185371,46.29639388454013
52.59402892399349,33.30703359306016
20.817674089647298,20.07143163915667
-42.13927674003207,-35.96942710280648
58.08608137274065,95.29386314212064
7.094740503794977,21.357035249803133
37.4816771923835,72.17685772475667
-47.784678957948834,1.7305297341284884
-64.7705308344741,-26.290778156967626
23.162304509731243,28.785314583452802
-46.94805875786972,19.606963229335726
38.732198418934345,47.19121171949543
14.890868397650145,21.15479183582257
16.386265342379268,30.30860886072842
35.71384377312713,16.942705998697246
-13.753230629286445,-37.07533823130662
-11.373776951607312,-12.631466673902214
8.599131052297409,-37.95626805856271
56.22337880544546,40.81731077607058
50.08341297350213,38.70883802336672
-44.07565485396832,22.064571176609213
-30.7042388138009,-43.797786215566575
-28.02487307871285,-50.19334211135326
-59.436015200711076,-47.00117285204572
56.08591791294054,21.77696510790619
-42.064682131425265,-38.85448915514643
-40.850792115804396,11.322678002736495
13.638015755635855,37.97034639409709
2.5241509022554993,12.263636204551045
-34.176874243396675,-25.575083987046085
59.55014323951087,28.916161176348577
-35.06873094011162,-55.364817863153945
56.50189175328274,25.55034644901268
-1.6386882321340224,18.129128390053236
24.41317275519883,57.86697904024025
-39.98537255009353,-14.770494223928235
32.95664406914835,27.32772220364437
-43.371940148302386,-55.562312965191225
-26.898275405649244,-32.49280751236958
-24.981973493884606,-59.53932390197291
-45.71961162947753,13.60004070739975
-25.203102659630645,-2.012941980182955
11.015902041289355,25.873918553280546
-20.429927354017984,-36.21548983673603
-57.27508576324056,-16.73259133797291
10.553902563267648,15.868521267695249
34.18471706245396,6.149560831511632
-44.63819801355257,-50.45522814802692
-5.517806053313066,15.168239996957526
-24.076048304504987,-52.88497162410617
17.980042579299027,73.49253161152627
-39.564485210520374,-27.353208774595224
13.995235614366756,35.48783809365139
6.826403461827255,-42.134484579772376
16.906429440566285,-40.289917163230285
37.195984751095295,47.69142146746542
-19.971827672250498,46.365212796023485
57.195376826587875,49.586149975731715
14.263338788684866,23.080414177912033
2.8962486467709994,56.46238989331343
42.36986376674541,16.414712732330273
-5.705338559586998,-6.1999752883850725
42.794193442705655,1.0501349233113118
-46.300000430193876,5.17467849679975
45.05971029766986,16.974924007161505
21.961302021989795,20.883926209344125
-4.597378967920903,-27.177792051136024
55.20801300873835,42.63831914156512
-23.55708192111732,-35.228429363380556
38.364803926149094,51.4797679035206
-52.097774076521986,3.4191208645757882
-14.798145955183893,-14.743485729051462
-28.973570134344868,12.85032996816517
23.65776229892016,19.020152188861722
24.73007726015616,36.77535586458543
61.40968795641908,29.359492660751027
-39.87995672131207,4.7573941198299465
-24.284925852317784,-16.897823628328705
-35.83236211639475,-36.62499323166218
36.37408702557106,24.27224300149225
2.804384685657393,-0.4362151285587892
42.27227341559714,44.215121684591054
27.55675533328879,21.907084802121787
-63.85232845202651,-24.10998599363864
-2.22149666697473,-27.430084884103525
25.900532664121393,23.084675689328435
-50.78268701580805,-37.50600046797348
-26.12834809747837,-41.9753542545471
3.9292248498504705,-56.840774910202114
27.417669625449175,5.957759354870102
-44.24069598313011,-18.90907742270375
-13.830069606342917,-62.657699721408505
-24.648768804729247,-41.75409374485366
-47.33889541255658,34.49589092429903
-41.090244418194956,-31.649813155704184
15.541423589831844,12.008252472090653
52.89909971307368,66.01143092165572
37.74814303160801,0.9859812402077068
68.57135266755853,19.297633606691992
51.573476359667424,11.352198082672682
25.472690682762476,21.41594675573903
-5.115057493489928,39.28868306049078
-16.40024572628117,-53.95555662600117
33.81840141435738,30.55587822566024
-45.792661823101085,-62.47984751101572
-10.529907536973536,-53.648007923266704
40.94249225320832,58.59107302323761
38.12793981201696,40.147300177904526
35.973164215818855,3.3364596564630276
7.017481818468209,-1.0815096659987908
17.73932880034897,21.397596390644736
-43.210003597735096,-37.9282799836993
69.70438657250799,22.020626062334173
-41.90959771905848,3.570006928374319
30.956214767916006,7.974701891092309
-50.35342350523579,-4.978868188114475
43.68254371447452,15.790219862229682
-39.088854257175015,-7.603796663875837
-70.39854453925854,-19.308280213724842
-46.66086667652001,-34.67831841258423
21.259392160513684,11.088016657802338
23.693128670727628,18.324640107524466
-7.824815335991133,-40.678646968301955
12.362891035400448,36.9805363947187
-7.195456592008817,-50.9181107581056
-2.756019221072428,-0.20756224164422932
29.565694451377937,50.47641569791281
-4.0187889240546895,-7.372595754832286
11.553775428620735,6.328494132445954
-27.29236999102651,-6.688901900748267
-44.349082042021806,-25.544989225432307
33.133659198168644,21.113587963649675
38.91013283937974,29.635460274956017
33.87369207541759,23.78476869820913
-1.5329581029936037,4.380563258915593
64.99039090138285,49.03937246427621
-24.166540158866553,-46.687162375448466
-34.87717621228634,-26.039090614017397
11.845476512525202,35.150492380763744
19.91261071490896,11.899027180750412
-21.626009319400858,-41.99899884345495
-40.95285122306721,-10.496702690779728
-31.22502046831475,-46.58035771691783
27.003088455400327,51.274066173054614
-7.707136952568963,-52.63163144066269
46.980444957193825,55.70611125344434
-22.376645895793754,-12.761117771903841
44.60329314229587,30.711881855491097
-40.27817536428225,-33.63813805431605
-26.75987396888679,-49.154262193722474
-1.306702089229553,-37.189260066924966
-23.050218458992436,-25.937041472162832
7.608086319396669,35.412005791950484
-20.060394958525464,-2.860512196251406
-10.244980346107901,53.57716432828835
-13.600254672795508,-31.15682930423794
-31.257133782546106,-5.137069205313523
30.5145689663247,11.360891053725378
37.28206020135252,5.085672940380597
38.977870929175715,21.634983018030002
-2.2215204545008937,-49.46022626032623
-25.500556402442125,-0.04956799311518978
-51.991614430843015,-18.81972462495
-30.216141643066198,-18.195850614903538
95.70491628056865,88.87778177176493
20.95672606263874,32.030063307255446
19.370525799583312,30.512970648829146
-20.428911381254863,-37.66515323602976
-11.613781474858179,-56.23035257322883
35.27871648164369,44.657910527065276
-18.587228074713316,-17.958488806039988
3.9005285343086555,47.099484286296274
9.456702730745704,38.02579254892093
-14.702950941361493,5.478493797800006
1.8491647760727936,78.08061893652653
29.741397798846197,-2.1961894115684686
42.648607000704835,23.371852647347605
21.016326740213714,54.518414227068234
43.52800443058517,34.274690399847614
-19.654491576188644,-24.08778559434106
1.2436180955186025,26.182005467702155
-14.097256096449547,-29.374567432092
-9.703967198751155,-26.04322990881495
25.19826467666175,19.743649014020576
-15.88619535800433,-33.65103608454764
-17.362965582348473,-34.17927213207314
-52.29568596822709,-32.45564501937169
52.07507378965835,31.26544806237884
-1.0976329752600407,22.16791116559167
-13.003348665912387,-44.25803155922244
54.99262054792442,28.82289970409398
-6.640229885033364,-60.5000384548018
77.41841341745067,18.867793015086704
-21.090727513263992,-6.5722790019661375
42.38205205544867,17.175752379822356
-58.952216319234466,-74.6418791466655
-27.589775359643184,-68.07605617267293
3.922268758236072,-40.11299226271078
5.004629373307353,-8.93214912520574
-13.316145274907015,30.422104188042933
26.45607988054255,10.197561169668191
10.574121477341222,24.072310548418102
-30.72618284448509,-43.08043969976295
-64.1992028682315,-22.355329934540684
-21.063478654899214,-36.805887358182204
53.87473769605538,6.730154238063093
17.73288711503342,92.53240732795226
22.1687757301625,24.946081446130506
56.9048582866582,23.448679316673015
11.140752290595024,6.039073770363423
-42.51692895371322,-24.74803393466593
-36.698440730215665,-50.5189682029507
42.44114514176501,54.527180336191584
-38.673066554955895,-45.5704141536653
-29.814822566770737,-18.995283821568044
54.368544025732085,30.278622121917525
-72.2108938265822,-8.416573558058879
1.4448887760815587,15.561648475758105
-21.87204641044291,-24.468752881648193
-34.465076644366654,16.463543803397194
-17.30886135681189,-66.65558298401663
-25.09468534841006,-37.27804649598548
49.57486330640405,29.361282493477106
36.522839507650474,31.317754545942304
-9.451158651313758,13.17890192264882
47.888457763550434,36.90070138062577
11.15311222332145,7.809731810915537
18.621331684855253,29.95477434084809
-30.56703231265576,-51.82356070802946
-62.797160849284886,-25.190637151147108
72.4802999608815,76.98889197316686
-22.329688781029795,-14.331098540549903
32.70908999085406,51.328523061329676
39.82691423914529,59.475940204533984
-19.50902854695932,-25.44455443969907
-27.36228901020839,-31.497299154298556
-19.86111134716107,-39.961468640359506
25.138153649697674,40.16369836408843
-38.80607564463834,7.61791180164191
30.924941955957184,29.353928093992213
7.660008541487244,13.570598653879337
-0.7580798881922313,18.014897662468528
47.050297281111774,29.44562423258885
-40.00431186264605,-10.6849000600339
42.116541100878216,-13.43046155702801
24.257388707895718,24.87979474681824
-55.920408704831594,-30.30693860217862
41.29035894478281,22.106775346833402
40.343442189610315,23.786585116625833
-21.13380159574576,-42.701287800486554
-43.150172714960796,-44.03136717014645
-40.66444810239262,-58.205083558940935
24.34701093561646,6.7248116935530575
18.39522329227202,30.37524746269149
-21.457343099100953,27.54579910675162
-31.77462776865125,-5.978585062804747
-25.66898960755974,-40.82401436046415
-10.559782290969238,-42.54320143028572
32.387779594409814,32.003153569128884
0.4262431434582865,-54.83185288839617
34.63206542217008,15.63557534811143
-35.56660431119466,-56.69251970030147
-22.527952402864116,-37.83096770648342
-52.732966099085395,-26.116889808450583
-55.91733552449369,-22.315182542627923
39.339767456900475,-11.697611020691014
6.056591594999631,-1.487200737804848
25.33777436298287,58.49747230148149
41.04520547743316,25.32893146213749
2.1475561364261466,-1.8239401310726855
-20.522386322387625,-15.650211305607426
0.3121629163516495,11.57155253871668
41.28839550288736,51.70831894174721
14.32388083146818,41.77102043240933
-40.0250419812962,-31.020638412643276
-27.496813423216036,-3.190139749396451
17.5329731448999,1.624597222065681
21.189987595549148,50.04637386272211
-10.442278276996486,-56.06774070154143
-29.692886949565438,-49.088197785015225
53.436021456451336,63.571855991685176
-26.757888446432524,-27.981874772729448
-43.004304978454556,-33.084343532528656
-45.19110646444547,-9.101535839622162
-72.55074007638815,-41.689274000647444
-19.435305620487128,0.5777120871399575
-69.95706997824813,-61.88856186389536
5.311694036117455,2.135700406208592
-42.32938693233931,-45.831311442695146
-12.89087796019513,-30.772826170621446
21.301946523277763,20.204135479350562
-3.4134283301054396,-43.648104427316774
18.603051287576655,15.397692822291082
-43.0144126338216,-56.253772913950755
31.02639429766375,23.24410753439094
9.44834871267226,50.288105555088734
-22.909710146752964,-34.51572251859813
40.70838142754765,53.19822392860935
19.042091363533665,71.94010106210023
-16.216903599064583,9.521116264621703
41.749816741913584,6.435037622250125
-46.230875525133115,-25.407657831431674
38.13265251841823,22.682276512680964
52.271752179713026,30.611827716106667
16.359250917881464,36.25934864087438
19.581393702343654,5.992368325388597
13.683080406133382,57.2448351771729
-41.265773965436765,7.322060075145977
55.55503654037338,34.46233109339923
46.11949619251763,-6.095129746394349
18.148523201984858,31.09048424698304
37.861953490134525,-3.33362871312368
-13.666960925153838,-38.75146898323879
-45.98999829979108,-12.537299253456656
-16.871700050088638,-6.750634146810718
23.325278261754693,44.22796048170806
47.81218446448342,42.504742076069824
-36.863229008226085,-68.33917978698088
30.37199726425842,32.2866642477666
-31.53945500184424,-11.763501177041892
5.043571189849779,47.64932214427954
28.594478673739943,24.72506608120571
-42.935441276574565,-40.476868427091176
21.19058244570266,19.72927888346225
5.860835584796465,30.22917659621594
-3.589534181122545,32.67396684519461
-25.771178093696662,-24.673432422059065
-51.20326435531102,-39.14023570411003
45.919876275896854,42.70355839516929
17.395857508166777,36.092337773099466
42.43643214907985,28.686884351468283
43.71702791534016,35.943949404821026
-41.23213582199919,-6.989666724367787
-29.535290150288024,-43.02013289435484
22.086881145503465,71.89834669579189
16.97324901907396,23.74812031783748
-19.502785923934034,46.02305756844897
9.757150535765938,31.929903937794798
-61.05924951100157,-6.998772007751413
43.34396648642349,0.5076527923965521
-51.20495353145805,-10.436808132678951
-54.7255400349884,-38.69352935549745
-17.76828192285752,-42.885605767998186
-58.91699677672074,-5.370635817317847
-18.679553602943514,-58.36462283252016
-11.537868681631764,-66.55541902926333
-31.87255837142385,-25.528077402142696
-71.83238881190971,3.615065488314748
-49.24909398943258,-33.90971807348266
-19.116154839013234,-17.371724201680316
-35.09613534919693,-34.36773744022948
-48.57543070345389,4.0225121114909115
54.22152845108938,15.565713535733284
15.643025707174294,21.486886594041565
44.39682492749051,47.13674067969523
-41.925746811783924,-46.06963778622366
46.03342291206345,24.199035310841985
-34.36698516619709,-51.76926369611397
-29.744772189118386,-18.64549557796908
21.400256224609414,59.47607126524291
-46.72984913942078,-64.06279481007417
44.09463038459794,21.57549132938636
-49.82657570202401,-17.90231884090809
-53.95634882094342,-46.98135527574374
38.45888859349463,40.19708293344097
41.3743573500728,43.553080061840376
6.060418957957218,49.90590420561216
-18.29931025052426,-9.63196721218555
47.691426784276146,41.02410083478984
-37.01348455178807,4.465882264086773
38.88317608344779,27.687866588607186
40.13126059862203,13.343200309897085
50.13174315290607,50.52537105605265
-31.076239750455727,-15.222943441811603
-9.508985796619292,-43.116660386207755
-35.91816034056907,32.620342728455185
9.786882233266084,62.762437676732475
-25.080435196251642,-9.507723837713616
-1.2513743141178288,2.0266046520997563
-54.82315065403243,14.224104102322784
-1.3418724391930859,12.095515545237667
-26.407540505966296,-51.8290484076968
54.44340158823291,23.464632689602183
18.08475592183518,40.47038918848104
-25.87314850232349,-13.251071984995598
-12.805713225088084,-38.63789687447607
-37.58450188659988,-21.886211053017586
24.9343215898511,36.37045527827303
-1.4863725881447785,25.603118448438266
18.11920609604539,46.13640130984905
-13.41009381860544,-13.84755453775442
-18.54731407913072,-79.50488411284486
1.8762092828593104,31.771487363592502
41.851277912407824,-0.901023031013036
1.644465781480477,-10.842980972178268
0.1660564198167691,32.25119325221423
4.595811976014748,43.550857073812566
18.168806540520396,36.632619566611154
-34.425663257873715,-28.587847780562708
-38.851426977366096,-13.229102254259523
-8.186339366612433,-6.887485872457695
54.99440313254008,38.005042653683795
-8.274142444189462,-50.53485959821461
45.73923987893571,31.10521956089102
-46.87691658580741,-13.733182664177164
-59.934297970676894,-25.87770817365457
59.66737184429495,77.12408613196706
-45.27532831589749,12.862991455256008
-64.98286563919939,-30.33488457270857
-4.49465350635699,14.501030876668771
32.92230539564812,64.55871918534784
21.76337082549839,75.80958507989155
-10.025450605679392,-36.61188970928048
36.856495846743414,-13.59442865782966
38.7089788852407,51.15743775129768
38.76423276173523,15.644846875309089
-55.6221256724814,-59.02704925509725
30.68415100067203,32.88022067922514
46.24700527090661,54.786968737215815
-18.816185603623115,-3.2288057523762994
22.554674494444203,45.11778740402434
-20.22510056949899,-34.66660800969393
-19.33484615375072,-38.60569297929767
0.6060089493851848,36.78977149422967
40.09480959776243,16.646442797682404
43.38877777709315,18.04408197360347
40.53185229982654,-11.754755109720314
25.734139913354014,-1.2496267686679232
-38.731809422205615,35.843260027582986
19.109681020487812,29.28558408081171
-62.46176152784416,-28.770639794754022
-31.778467932899456,-2.8243589928872304
-45.11548058807103,-38.401306518578096
-15.671705614079281,5.613597324960644
58.81897833165274,16.958874067584567
50.45063278702332,54.86697833940937
-42.9075288779178,-67.91268641854262
-40.102813136427145,-45.184453087427
-40.324559269965334,-42.11907811655866
45.96748169776737,42.04449290619114
-39.74597905381741,-50.00006582742622
-21.635925870526307,-40.28799045406264
-53.7812959815321,-22.533901013379847
20.709784458571193,-25.350333799456447
26.2068244878892,33.572363067133466
25.59488267752036,-6.508056602924562
14.394720521860542,-5.294018506968801
44.730362060785595,61.69578618784254
-49.95890354038693,-72.76633178050315
67.8839692558102,41.9629454868561
6.38267655405436,29.292461688172224
-6.620901181896773,-29.073060512951894
43.6564420908861,23.295777834565218
33.24397978184961,64.28845282462152
-31.638743514168265,-48.90425371519289
15.401783914864735,4.31515398325811
17.018235597158963,39.4063756631736
-7.525516032647147,-4.358944508459302
-13.406295586493997,-1.4182357843900526
25.57878781296253,-52.31691080127722
-32.08269783375608,-23.790154633803922
49.18976817856034,75.87988060373348
-15.876563236426847,-34.192737392128954
59.62581535291275,21.164766924877704
-51.66387020231901,-39.1189258369316
18.456008551487535,29.100233029034182
-15.86318093560804,-34.54796132449579
32.725288193523504,32.028942905259626
-41.69371476709632,-24.368342862497297
-9.688039318890745,-61.77153476252367
48.28479282663746,42.79854610615692
21.389420611816057,34.98223749133439
32.379662138247774,37.17439597200379
84.47533006023966,27.54373754914775
-30.6118080799253,-25.514166181599442
29.99287322724286,40.64507203975222
-44.762159058134,-13.491332382683389
6.695842269773241,3.8496889288975886
16.944209753204294,33.99444624434676
29.91933604777876,39.89568739145601
-30.899918672762027,-7.7452349254034445
7.236151192349503,22.08688308684011
30.43815663389346,52.22089581684146
-1.1448379413051768,11.20681123601743
-33.5634957905021,-33.198678342874246
53.657611750850975,27.12561254809057
-36.19222597457399,-55.370700302372995
56.65525725607755,22.61386337765886
11.019538305068075,76.4085597785782
-52.491679738839295,-55.25302965517422
-11.318368442506689,-54.60578051870506
65.06865171829706,32.68823923936613
-36.44597510892112,-46.801648008063616
12.228808070187046,21.57883769947649
-58.53968082995254,-13.072582952362538
29.768446351693786,32.75635398211404
28.450046876329715,18.311938848727017
-25.513228949344658,-28.86754421467824
-36.30059034634489,-7.811502737802506
-18.335443774362233,-31.398007544307745
30.06709927110547,22.740124831026893
0.5452304026425665,42.06159964245865
-30.302918118269673,-40.32557178672769
-24.338940414350446,1.602212301680133
-72.90648394395613,-40.05843167961986
21.82149322875783,27.21288699748419
-25.49168059653455,-27.760910547182135
53.901519927439274,-18.750302924792486
47.274472817462055,57.95972009706492
-34.633320132547595,-16.89086930452302
-29.84003516510667,-18.86826941609376
29.956337228081473,58.56531371937645
-2.3911938256269174,-28.42278560515972
-19.553006011178198,-35.7219070604791
25.90718522254958,40.21460975847974
-24.79425234647295,-12.897302343247716
-30.5484093729943,-53.952015153045245
-0.7969302503928652,-30.695052290156205
-30.705446569969126,-40.559482244846606
16.846566433171507,13.836614554640924
-26.99323633288661,33.88886170370932
-64.76879616933859,-28.556902517176578
19.555931696551998,65.40955035005864
-31.985907218392,-32.96261238701809
18.372773291393084,18.132541644954486
-29.98619677774562,-5.516464510326774
12.71645582848803,12.502953379268554
50.059150275278846,-2.3348998827841925
7.655401828686834,-16.527665018066628
-48.518719439188956,-63.274157213748616
5.849042307475088,64.05779969175501
12.236302084220831,19.631532346964484
18.723353050615202,35.785535975432154
19.264906171843784,39.94513090216318
5.341393504348737,-2.082787089699817
3.5387538384743493,-42.00339503815996
29.12162664616281,-29.169465950849403
45.60664128250957,-1.8819398724382772
40.42575759675374,44.28567893703047
-76.82216819325205,-31.70117746527626
43.114246136667305,48.13595466447143
47.09783113446878,41.7021312394023
53.146684461808576,68.13414769034108
-68.60329911127837,-4.440600588827863
-57.805749589859055,-61.760523485301164
55.41612406359128,51.817029288992394
-12.717805242025406,5.010356888057167
-46.11782518658619,-36.29501473127941
60.4159368247414,54.074938511007865
-24.735329120717903,-14.430796522086379
37.79178018743829,1.186650705516822
-60.55188922460358,-31.64344646937884
14.079076868887794,27.47397669441624
-45.7673189250792,-15.685080446010806
11.518973491915514,17.05509614451591
-43.4285917199309,-28.85803920726785
-33.092117750395694,6.590564544911494
10.940158715514833,52.965959107155726
-11.931879476873291,5.337750304832333
59.74344813517318,28.02378165600925
28.76184234662352,23.964693193836695
-33.81180742631131,34.86602236227425
22.217894025626766,27.262352873000317
-24.655706495991783,-22.441585793648834
31.597741109845728,43.752861499413186
42.865025733854544,56.92919841844014
26.27672183717862,-5.126553592401059
-19.094931594688227,-48.96067602122518
-57.935769461010224,-32.969496735516444
-45.82568717647391,-26.99756708933819
-44.44192605281469,-38.40399600285932
75.72290891485642,6.454842621988721
-12.805750929541556,-43.52740046380251
29.824748999350124,21.997154270151476
-36.22949036116554,-25.639618829716564
28.90838399198735,39.632193823315276
-37.93527060719406,-20.857185115160192
24.13054652386121,38.18170257969814
34.534688531869186,-0.644295352174332
13.902884333531077,-33.608944565947034
-26.825154058754922,-39.58849272996806
20.317161746293337,40.174480621980734
-36.16979144502349,-36.24120204811742
18.12270911139023,40.606543355241854
25.775999944650064,7.344223123096416
-23.684774202925837,-27.392216933650946
48.67828556391304,8.404654671316287
33.239885642420596,32.936185796180645
-0.5876411446197913,18.021142631974552
-35.013640228992394,-15.723396554865783
10.365236592551327,26.08312098039225
-18.557779436276377,2.7270170754762546
-15.491149664568404,31.666483524147978
34.85379864624968,31.18380985607163
-31.134116423449523,-50.72762854086423
49.07394488771926,20.761207716623165
-7.109953572859894,48.06068934479228
-42.25846115240531,-31.669518031518425
-15.270741339368222,65.32479199183123
-38.26128556821211,-34.86962818549355
8.897395047301863,31.451421279879508
28.267661420906414,15.661186636256861
76.26453522738248,37.21204744381993
-14.524553625303383,50.9832724981964
-23.32431130295894,-9.23852090271588
-14.02633004905417,-11.794195093070073
16.952791721612144,65.48792807502794
7.041887277784834,44.61005045455493
50.54519039605091,25.159140944394426
-48.434224778884406,-38.73362913862579
30.5230670858479,42.17205819755398
36.42428866969743,38.646797696973664
14.204314394754785,16.96087994289615
-35.77429527851768,-25.3222970667163
-44.09307795406316,-49.811822388177866
-44.34429668479584,-57.39954792527966
-32.802374031767485,-34.70870438402549
39.43873683103519,37.63379602268384
-35.76231854809907,-40.66533029350121
-73.38075083653905,-10.078574856882838
-9.818092470588159,-23.8716700380117
-24.3339024560642,-33.04052925760679
-34.407726632738466,-32.396498111273154
68.8773687557881,13.394208878484516
-24.184201807823392,-68.60473678198565
-66.6180820043881,-14.164972008413972
66.69303629949658,33.68949882201523
-1.9673305953948983,-29.509822455102526
-4.792292139368527,30.896551594980917
-35.0756482178146,-25.45221875556441
48.84338869394421,15.247239854917659
-34.49226170314429,-35.69408633247301
32.63510350432681,1.766845043889198
-57.70160976785901,-42.62291830905502
22.02508180764005,45.43312772953705
32.047904688878745,25.20435528430374
-25.50460795034924,-45.89318364807923
-40.49381190782313,-50.87220109644373
-18.640004236039758,-13.844438423711345
47.73974107767339,-10.75278026124083
21.737496365014554,27.03592724161976
31.353999715612627,46.39640898014695
55.09761825494593,-8.816120956995846
26.841644834931436,18.6840033160058
52.76162308514024,43.52141197549014
-1.8513839315313234,-43.259892125938954
21.981767209499466,6.65024613524276
-4.121114275613792,29.994636794415893
5.395563484008321,-16.40791687081928
59.41361028545607,51.26441716245011
30.76918520880611,32.960080955803406
31.45165090873599,9.496949649496056
-9.066560430126213,-7.728893714424622
-5.312089126869747,-32.61795402630278
44.98755860790517,11.749245164388864
-40.324390326907405,-34.03188757989764
29.41919664761215,31.35246013961592
-6.714567643918489,-0.9037411637864281
25.78796838078683,26.50619048052734
28.23608899525437,44.40465236345534
-38.243692846647974,-16.245150893543737
-8.918228544734177,-44.47379462463829
-7.917580513208279,46.65275801378493
36.35002678113376,3.634750954105673
48.393832362915475,28.386350800911924
32.74756933603019,15.379556009832744
8.039343520953956,-28.136873023904037
-43.820738511242325,-33.851933912548986
13.750063290582265,23.140062088155975
42.543359915706496,31.08701558667975
31.717090388238287,12.735688701332776
-11.32425606746597,-34.66514519168262
4.781937539717877,23.908840525118165
62.38919848369987,24.357149005794042
-33.484658010562406,-14.987639106752667
-42.76628231537137,-25.99732654395536
18.794638201718357,-27.389834217983502
18.79468364434087,58.66367799951603
22.01003963006732,47.77752805961072
-51.61356240244601,-25.92126498985996
-21.884971972399125,-64.79919560523058
-21.486084410208925,-34.26940111434905
-10.680823363463958,-18.133076031885736
-18.19859893738336,2.790733717380043
-24.242104589555478,-41.20911587047595
11.39538746120197,28.08119813032269
-57.7175380989646,-15.56525640902873
-14.212830575672255,-33.06624946848559
28.75836475382799,53.30526620314319
-37.95181694108549,-22.576525251149523
40.34386009070099,59.29655343028825
-22.80531117035011,-23.588164697648825
82.23594682710133,21.203594452313872
53.19323375276423,31.60748364766796
42.67182468066308,53.911964078129714
-50.9680747654957,-28.96403832486076
-32.86964325423219,-48.465305379852936
48.09503903159576,0.7672978534063972
48.061423199046516,59.61860335466996
47.55670425739753,45.20167035488678
25.125898810879928,43.51156813367925
6.569565861035759,32.05162336703969
-59.48439276783236,-57.302085454438014
25.319557347835314,24.56101838080007
62.478252783567996,-15.24975906986407
58.71751105438608,51.05016683105457
-1.9201505819232736,45.98655656015962
10.275565297289322,39.131977201221844
-3.922744097496782,-25.411373228410447
43.21427066593883,34.80597408580696
27.82685100045493,23.118947226774004
-32.484739182488745,-21.39702244399161
32.95485854723488,41.542391429432094
-42.824834585609665,-16.78561611048637
-27.492459562666035,-34.83228607334235
12.083305244876314,-18.296840106591137
43.11951574533826,43.49648926998763
-26.32105528609655,-30.423473862095314
-24.319187632178135,-54.28997987841875
47.305018829780515,35.521155016066125
24.141767917469068,-9.613872841837733
-46.17309592076904,-23.360256676432023
-54.6649648283179,-27.63801284688269
-21.0995692795811,-48.18847841495916
19.04518302029782,-45.885243512595856
3.8737371421558464,38.66563269195478
42.38617415304313,34.31749104662836
9.657007865301953,44.89068575978044
33.49637865074899,18.35265223683758
-17.272810453911323,-42.638561556369936
2.363706555996359,65.26040685924677
-43.977693527561925,-29.575786117827295
43.463489712548444,27.467327999385756
20.300336594934542,9.923419062118498
-9.546001911563522,-22.122381640303864
42.73275207887666,15.804836384968247
-36.894168744013385,-23.465734870057542
-32.7742084304981,-47.36050786865644
-44.63627536158103,-7.922475366929977
-8.004170587798733,-31.604362115425765
-35.35130420533657,-41.32251200912488
49.704076755857685,34.81487170387666
28.786439621466304,17.934611864994856
30.331653615932098,56.68459731075407
-19.49381350483528,-17.19511686446065
23.979306824045068,32.671517572147785
48.47105152080745,31.67748486899152
-26.020808947747597,-41.597548937975745
24.38730364428036,4.2051632262361665
36.09642089129561,24.450104019680843
18.60907697975219,31.784359958324956
-45.07965597583399,-23.392837632017134
24.105659907719524,6.865387628237812
64.112844682561,-3.572553816162312
-8.11421073252361,-0.25587628794900397
-27.904122398777275,-24.000466542538344
54.445949117347766,27.401861427481663
-46.14045914574494,-30.713211346738248
-5.283359273658505,16.832979491703803
51.578621931917496,10.716281354648032
8.349708102155738,-14.354476857009605
36.50371266969866,28.571668441636756
-9.449891281046469,24.595971113771803
-49.491975860725816,-62.385684028552674
-38.4596609951146,-43.9942061911417
48.48748571981501,4.966691733075269
-18.190506242267865,-39.301141222233596
-11.130081785225055,-15.777878670704567
20.46498713009371,-47.31742374153107
26.11355701725506,13.148568619873263
-23.763260669659097,-58.63178687292813
67.13088071026532,26.244668118944208
46.82035791462629,42.19045865605372
-61.72450412033276,-17.182974483467383
-41.36337853574674,-55.51693907935083
-43.097608601914416,-27.78680857687766
3.3846395221535595,42.52923527720646
-56.38620832376657,-4.07020780679083
47.37486861096904,60.5268182364482
-19.121561516754255,-56.18975564785635
-58.35689917067413,-31.48070311737585
-26.657738866684817,-26.74114297650798
-39.639050613518954,-36.58141206464971
-4.249670865548264,-53.338818868689856
-16.97330885929164,12.713926673338143
-41.00277757767785,-21.579325256478416
17.251620438315484,29.149852328428846
45.82750815973796,60.076112370615796
-24.294600067110995,-33.45556147525126
6.170428341391343,40.31691319906632
11.567531627928137,63.85668207794578
-27.595067442584032,-6.206944357617292
9.121624808547782,31.496706554969556
11.187315577430041,53.62098809120443
45.21078786421003,4.437479168627476
53.229408051009756,3.67954828266042
-30.13783876665292,-42.95579297893658
-54.08651076969398,-55.99078950427258
30.375445164866633,25.55199404797882
18.863001571555905,47.191629404334705
50.627024537519546,41.516856188752854
-45.075490553404336,-10.082805222106536
17.822665386090833,25.27097447453805
8.526582102209964,14.47381012234882
25.922106465290327,46.37732669960377
-66.75387487296746,-13.256558176306218
37.65185387221894,28.09018812318852
2.7834005176919945,23.593231028299567
-46.962766020540656,-23.5755970891978
65.59375932675613,30.461938208466155
18.533939930018974,64.61718388967972
-38.919793924851554,-2.8510976632421574
4.208990657342486,33.04548389595696
38.97896853007667,43.74614550207957
16.165110401042874,21.963966488618865
-6.53829482041354,29.962107073882336
52.136249548322795,49.40053954182882
-25.512132868963416,-54.602078119983254
-31.367494319700768,-35.266252606466296
25.296397127384502,27.600469500255024
-70.3129486069731,5.68075095944328
8.416179063644627,33.04330430365528
64.21498887946578,41.957345330260345
-35.853413480804534,-45.27977164200415
-43.89716443961481,-37.42908277113316
60.00210331055556,32.22773117016945
57.27514082000398,-0.725269330693461
-1.8730340529145337,-54.10467752723445
-34.7189267014862,-41.972057090703636
-20.777215147417056,-17.94386216503575
-47.876579454522215,-60.14313909108469
-40.53939115987949,-47.49012851339326
-41.05765175956114,-59.701771800048746
-31.741530034384542,6.2261145171865735
51.63107100971111,37.42678170823637
13.963156416823267,25.160684219149324
22.276121603050573,11.553290081664457
33.18893215985474,15.09937330730829
-40.2248547298193,-24.310004845571335
-9.698191527206866,36.13601404583856
11.044587314568982,35.69163524980909
-39.88598850449899,-29.844830919920945
-43.10326295271207,-42.84851360080939
-57.570946658135185,-57.1375176401537
22.94308724806448,57.603298725662945
34.16332713459347,13.555494826579103
-48.628529694541,3.3612751299558212
38.614883480519026,38.854187630546285
4.159044023897856,-28.27885352723919
-11.993571635257279,-13.51159278865929
18.373662567116767,45.75945928136882
5.105012663567226,31.608449527136667
-76.82127045420106,-16.94635133999273
-22.38172223416054,-16.59836633252197
6.341411884283815,-29.39705539937064
-4.4673660849042705,37.7265588994824
31.782320791501675,45.27457768181314
24.00015355896117,33.75794418131658
37.976258433301496,1.8860707325631374
26.86569465178588,-14.915274830536262
-35.42837179734437,-19.43866353086731
-40.83712321918353,-1.4876012927174855
-46.28952049031412,-37.23911634564051
-36.23268289304133,-35.125807780327904
0.5170797758312347,37.09139877315335
-14.517433847858136,28.55160546099784
-12.038047146905114,-12.763470825656707
28.27406789468805,12.975182346102365
-76.82825555510263,0.028745860635051912
-48.91013925993707,-5.4339538864956864
-45.040861570355055,-47.33434210674109
-1.164896747801766,55.76410619877849
-15.016910281972482,-4.785538788361361
54.117220587050014,64.25484831545364
16.0268084615582,41.860810104832204
-63.47122140202876,-12.408466830388306
-29.012869194568736,-34.971853602073324
0.3469427367158531,-4.898518867331575
16.32161589922876,58.5570091558257
19.498101646611577,59.87701306522903
-56.27171671357944,-63.292966465693645
20.35699170490423,63.840922283101534
29.20210123678708,34.77575940859738
-7.93516391313694,-37.699552188092106
44.414832276777815,19.193498873903152
55.57027090530908,42.10524221934742
31.80637638253651,-3.9655205220901877
-27.748266085701303,-39.46747450637642
-38.23329247767818,-36.38884701497266
-46.12249526075231,-20.73252269364402
-32.34418192115379,6.575053611477593
-36.81289028936078,-22.92227627376353
-7.006235167500606,-36.45958747376461
-29.899937192403222,-13.003375480203793
-36.0487480786088,-35.64184491026634
-49.2925608051193,-31.09769891090169
-64.06477582678028,-52.660356843788854
6.1192215577322,21.015355109000275
-5.87063266864515,28.946950066865032
-36.42065457828751,-39.735973268062914
60.087338146418226,69.59127071129086
-8.74973959300975,68.35072673407173
-32.95412036521571,-21.16832294212918
-34.68591338205469,-76.0085492787997
42.86096903003269,-26.044276202954293
-65.24169773857825,-26.957170760066226
43.654381539957,12.811808294591387
9.405637760089263,11.805178054936562
-83.89483807839186,-21.511158786513946
-60.89722152798517,-67.77118268813973
79.08502253798852,55.906590429906714
20.33362557700413,32.08532678995184
-6.750856691769155,-33.114537517246625
12.888076198191392,33.426713787616315
-34.72049485949869,-22.378523679771803
11.024084362238689,24.87080664003235
55.33772979876714,58.105715402443465
46.24494523021487,39.68644066707788
-18.372754671739127,-27.473443912144994
1.5906166691307568,17.322361713107128
35.48950959930062,31.16020400540131
35.942555926732524,44.111217117758926
-50.92107266074898,21.147101197810883
22.23058708320765,29.843290641984822
-54.42857244789602,-46.89683013234774
-45.43096178657772,-63.2291952886479
-1.536343939451541,-42.39266690875934
31.87717903484557,44.57835219718007
41.797613699784236,9.449880012391347
37.95990446153687,50.28538592171782
59.0189889526999,49.90525408210372
20.07166221406496,55.13120575292909
32.23583329218677,67.01759329989486
49.447604525531055,14.65338367846088
43.06631138352925,16.576752898097222
-7.609671861921402,-4.414606846933651
-24.908794907531888,-4.627954713948629
41.185340442900795,58.214617123196746
-38.63177607895435,-28.7699539626635
11.198032593735487,22.951740786046905
-26.818798794680617,-67.13510944207623
31.34798164911434,-7.857329465247844
-54.63771292982102,-19.83276943963897
9.388684352772295,-0.6613429776110671
-7.0596044579788,44.637865395373254
-3.525830040325239,14.204547515014339
-31.169758679182653,-40.48973706081999
-50.0435970557829,-76.39023519564763
36.329586863186854,10.995707789991108
20.463963202715185,19.622482640103293
53.94821985969915,34.62845844082292
11.846116737107465,16.792953373635967
12.509975265351315,44.70548045689715
-27.25499972237746,-6.14900365071356
20.650782858239786,60.573792004071834
-46.5371322973376,-11.369983099578167
33.63349011299586,8.139806332237455
-9.86233418543733,-37.42582742906068
-38.26101435967897,-43.487163481752965
-34.986679589672235,-24.132940280238756
45.56880922620293,-3.0859419848746796
51.70310440250496,6.0723517135848155
20.291891106633955,12.256789063425359
-38.06271957763427,-27.73031818662273
-36.02174478298007,5.34665083835246
-32.67528513296704,-15.46228089392853
-18.897607613780437,-32.91304859551929
-5.863248281593549,-49.602730408625575
38.707941004723125,-10.116131903019358
-12.321675116327139,-21.386934343573813
20.441490236273353,58.28133581523255
3.723034540707168,20.993522823595253
-0.41548778671580067,-38.80182873422928
43.450431432820615,23.4925456673919
-20.29300982820196,38.7429196493713
0.8287813596250437,-18.781338289741313
-0.6444152579130176,10.931541865426798
-18.566619261209116,-34.13267619475418
42.99527574023912,-8.814888323205594
40.41231073277378,62.90397691671872
56.36624286731526,32.8299471555528
46.611268626893605,33.86768252391219
54.49559994059737,-10.395361757360703
28.308667508014288,44.62875542790764
-16.535279382632616,-25.12730631488944
-12.404010143769963,-32.12500038265424
25.797888073169833,52.18350733041217
22.646236267861838,16.641932955262526
25.960735722661965,13.376721145105343
28.10660134213459,9.366581437067872
-45.67365318269849,-52.94476167813919
24.422971685043183,9.644956061279228
-13.328989071791135,-37.84807785932474
-56.136219486252216,-9.921051536806704
0.1380182752600163,-33.54442048217628
-13.753390406028092,-37.400208589206564
-16.948296727123093,-25.489433479623372
-49.66662847688927,-11.925383777285475
21.77132781526967,35.82628419672227
-31.09020957349177,-28.476278133417946
45.09093039794369,19.60986694283718
49.171561453164216,32.13880418757399
-19.66493005880529,-42.80000954376285
-11.756599948068668,-33.53075132452452
-27.165506537093062,-0.36603298248088834
-3.8428355074212135,63.37448580579492
23.205039562219355,33.181814432969496
13.04493783209292,32.373429525745394
40.47408666664179,41.00571971100243
-15.664208453252362,-17.111406983931303
41.26887115173743,54.43853803985065
-74.63159494015986,-23.8218646146463
40.53232603080898,5.750009105744759
2.980352902413699,-27.254019974170934
-9.52950212687199,-41.15505530554175
-94.58119196404843,-12.289520810338608
50.434043908092406,17.33547642735651
62.159222298644025,69.82577326486967
-36.647586432201635,7.287976519350238
44.80054042533744,63.703490729951056
-31.229476564856366,-37.882298302756965
-46.75687652004086,-50.365578530707566
-40.077096000473006,-9.391647560751593
-22.960707321662106,-36.146135033930605
-57.186718332003366,-42.219481802400836
-25.385490890670816,-4.967195757396819
-72.3567482182924,-25.984207840814914
70.14539528972841,59.618201287437216
-11.553454862051375,-57.08410440691474
11.956138192515429,-1.195972329058236
43.79746088067495,28.11391441219126
-27.751273078477098,-40.43640294924064
-45.86907466989669,-42.095676504144286
-20.71621694923769,-42.78196419107286
30.342657472638884,26.48594184078769
-64.0284200840575,-54.11243220201145
-65.74711991034977,-29.498993366517876
7.22354634534376,64.26844775849335
64.07585268353628,34.66899884263191
59.8817135248528,3.2413347604614415
13.371922620611628,48.63998599214945
31.23258050621905,38.678074147962164
-19.08493863039585,-5.711034311852718
60.95481718960319,35.76260121472866
16.85087079256037,30.742711120128433
-23.660801561609496,-43.02560986862011
5.827517732168182,20.360052075655958
-28.91776184768975,-44.472562273505226
-46.698185135943234,-18.273849766171374
2.854922541652485,64.66030371167938
36.14862498268202,47.29521296287208
28.039535372379305,28.745169046037383
38.66363375726442,36.72215694945299
-36.10788001378633,-14.131166971943314
-29.11850017053548,-13.48605088195334
33.82935845787534,17.25049098578482
-4.895162106647177,-52.63598631225436
-7.943004209627034,-35.45816916645012
58.36585372048876,14.713038435749223
8.604800768355759,-6.250219709302705
-39.91425705276917,-25.632201355448736
26.022292697965057,46.42753889576564
17.524750210959255,-22.31213485523114
37.98041388080469,32.1094121408376
43.02758638160104,15.100659073499706
-36.501752796923405,-11.764332162833572
1.4606769066039682,17.176385657755905
33.09418600447476,58.47089483188175
28.046990187054938,40.97991395152518
27.444130607591468,34.74414853178915
15.50897919464925,41.80409449345639
-25.743828509338442,-11.94400964524037
13.759094753991505,-12.408111244742194
-10.974502660692359,-31.377735312389763
17.62834573963534,45.74113723612312
-73.38090242453322,-9.797976444737092
-36.43621601448799,-13.062180817809427
62.73485534984713,19.488485866570986
60.141016678250786,20.392767983336427
-24.042666269722144,-51.699354416652454
-46.396106474886636,-32.38955614050094
-8.78710314652244,-9.963043261974306
-41.370799456917226,-32.51367389751419
-36.704980780197666,-3.0835621477162114
-25.84900510416125,-29.847565019869645
-53.221334675004,-13.244781301213216
1.9065052429453964,18.11811549122011
46.52117309711332,54.29298871851631
-27.620271548625414,-11.092966743492582
44.33162096325848,47.30149865841543
-64.20953182294855,-2.8744463787105445
-14.483377053425555,-16.36651276961244
25.794299736494867,38.495476719051496
-16.507917633640034,-11.155694993099402
32.220133778467456,9.66227129973737
-11.956352095282867,-61.271583946306194
-47.25618702830266,-59.22549695466017
-24.312523349397086,-23.881897995307117
42.53721668059215,24.64519117944421
20.685845348919827,25.816967128567573
26.602692397901357,42.36725636002429
-0.45703594721659613,-26.447362283360615
-2.7306576784358256,-22.07226722916583
14.497536299110063,35.77614699422369
8.187867840327957,15.624651814402291
-26.463505267392893,-32.82538681210201
0.5286909475875987,16.089772731163627
-13.783617263153545,32.9690938412314
-59.06308515908953,-13.96470844732621
-39.472428140658835,-35.35130150123817
14.41804414761612,30.995522331395097
-35.26949275192125,2.5517573151468724
-54.80993280434404,-40.032800075487636
43.24404498427589,73.91194589518244
26.91200756826474,71.5421753502794
28.97091812912388,19.41252490823956
7.105464463706959,23.629742406238698
-30.162804514910942,-33.63620091222655
-82.26727446418934,-48.499844172854445
-59.95320023888713,-40.239095859911714
-55.75505728642408,13.088349049481408
43.94945990380435,46.149529472297445
-35.07817022958556,-35.65719633511693
7.563766493278269,51.81823369223184
61.15404665021377,47.54871946681644
-26.590217033344224,-31.749242608914358
15.883478672263589,41.614850566502525
20.163304492979663,22.39138451416468
35.54762362874919,33.92480616004469
28.11917524886227,21.46967599950981
63.744841117431164,24.72882018389373
-14.988211133854803,-3.9074597041549097
-37.61611652945777,-36.933655036067336
53.218236832723576,16.98752169214565
-23.466217613704288,-41.84506092169766
-19.065574777735065,-31.09743610589085
18.938512971218795,30.60668760390602
17.099870967856255,33.57617679815559
34.38272968397719,50.0070197796323
-35.431689952755264,-13.867564814732201
-42.17527943207401,-88.04003050736839
-57.35500488694436,-22.47008609533998
-46.996725623007634,-44.85272250153048
-26.972727575191307,-18.80573688668599
-13.926401352788954,-15.423469872588774
-2.3112719361498826,-29.70440807331413
32.83711531612945,77.10752278079299
-29.259108714235097,-40.98670777333905
-48.28531810712562,-53.872344183995956
30.500153913664583,57.59783922179547
46.046707936053096,12.43967709078342
-38.07102800622749,-54.40625459199658
-11.289882367121983,-42.77881341866971
3.6625923527698987,-2.309685219787564
24.58674337961908,-8.081693763715762
17.215501236485608,44.397954521107536
63.619652156236434,27.677707975438828
36.812540116272935,27.66295602592593
-26.969961508357184,-15.386306814981047
4.653773872524688,40.525412883081415
-55.853524170180265,-37.01666485752828
57.16913565829313,32.22696692618308
26.73542598887918,23.360368764529788
-0.3975902624417529,64.89043522622339
-43.74434069959355,-46.75653389486763
-14.053363334593579,-20.43015968315723
8.995306746570591,-31.02555003116925
42.44342502446581,30.5231669478355
32.827940628266624,43.969949940893514
-14.376452870320158,-58.00555449395562
-17.817153419904344,-58.843372863154805
44.25894639013034,38.73054692604737
5.350362039776492,40.06413856015253
16.557809033956165,34.20895831886395
-22.176356004276137,-27.71542007973181
-37.44434504532019,-4.3940906787377365
10.316237600866394,8.603155321309831
47.702345897661445,28.396359394543374
38.62005640009411,10.414013855401329
-40.96889146133718,-25.4705722978346
-58.99489126628133,-38.02679773831507
30.02175274602734,37.36717991968317
-58.19824233248306,-48.7564363625213
-74.76093928840339,-43.00705763911334
-30.72450680744959,-21.770787187207475
41.37741153875574,26.711808002809732
59.48465387565817,19.460441535981516
-21.784841219918825,-15.167316030526978
24.147067748263225,28.966861583848573
35.224418308576176,12.65862795508902
14.753814143502774,43.9298673733067
43.5980466273257,24.85666458246046
-37.01007221132319,-20.01193670527232
-49.09893213111506,-1.0778353700940535
1.3063132350934978,82.33851436573082
24.74059514661682,30.494436210077364
2.3289718319232335,-49.16079461127137
33.745537839139146,7.063415722334501
-29.234315181964334,0.2827393820750359
-29.828446078534945,-2.228553881459945
-27.60656285452963,-68.4888071491923
-42.69976691558145,-42.27976358980324
-28.089162353742495,5.816465924825721
-8.533193365734128,26.790090880629656
-33.99318365736265,-41.533377953876624
-50.26528949500772,-46.7964182671611
24.586426308983597,36.20689552003414
-21.672420384093854,11.62415432049012
-84.40650309220558,-52.817985331567044
-15.515241858929198,-28.347318817633823
21.974047531014055,21.76803049060903
10.58356317364207,45.32937058927932
-47.0201060425321,-46.69056766487222
55.80265435391754,29.091440801418656
27.176018062558626,26.877371091567944
-16.126803096705572,-6.606614762518632
-11.78850414386661,-7.746512606841215
-1.5350437166723978,15.244745222545985
54.50517192078691,12.656780355015304
4.602366683049112,10.510931358670568
19.15799582959655,4.616497682924717
46.275303330036934,22.077603101935686
-63.40069288169326,-32.87658989695387
57.45043217281699,24.41149457099555
50.710976975797756,21.989592922358934
42.22956664571634,8.919265218245815
-18.970616757317433,-21.769062101814555
-50.97058184747489,-45.05994857593983
-43.08191020846476,-29.264665170368623
31.578103949657738,43.64206918893772
19.715402638116437,39.44376838899198
0.685012541053549,-35.12890872896692
-38.65520377566378,-56.84953145340722
31.465257204190614,19.96448536157719
13.930856913685737,26.956961587302295
20.112791106180982,28.232191507815863
-6.211488177442639,-39.02314126057898
46.19201225782092,72.46215798428892
58.92216141252008,47.70192095288931
21.19318312746,13.479292303319081
20.394933089257112,50.93873508755708
4.038843851817752,-79.11327693591193
51.02303839071129,17.257054617740053
-50.537499165442654,-61.31151744063118
-12.70583287180079,-55.26090790452046
38.60940086433345,34.49563927759361
42.167288795833954,56.32977208943534
9.921267913421833,39.78382291448944
-10.905930244292684,11.403433990211752
21.205447447029,20.11172586437631
-13.383887388670175,47.78580039758998
10.58974082564023,20.606529279504887
2.0636852709439495,-30.033106308119006
-42.021146924332925,-22.23893358933835
-32.4759994118587,-44.004255260875134
40.154221716967115,22.35056149192117
-46.834191357192424,-28.692217094762416
-21.539317240472712,-39.54693286295348
-24.121722285596555,-68.68268593224445
-41.1683935515335,-32.48864263806531
-43.46654446054069,-36.52630600059495
-29.875341004302484,-28.79495741431206
-73.45156002344841,-45.603062929949374
18.877823447309567,75.47044874199679
24.71471147525827,25.68660049428803
29.21275457414748,-14.39372883409198
36.78451606117563,61.89389611383466
-12.321092775962597,-50.085131415572306
-40.58788100028418,-35.23663697295789
52.70722919757225,16.751681497886718
11.7361182562917,67.47964655834554
-11.864359915422671,-12.939009398071466
33.35072847191117,30.347626828183806
6.8370882380737115,38.626001182847205
-27.777642658545055,-37.219828861180396
-31.70049105003135,-4.525701019379198
-29.41850465976316,-34.7853059823055
-42.040506915154836,-54.01775712592659
37.09770158501878,33.922876475378004
81.81306017510644,30.54263427081161
34.63517578411849,37.279757802949234
-29.4708010000158,-30.23891252451408
10.269510358825254,13.132497835295581
12.937946690230003,14.236832907867026
-36.45790779797633,-35.68067235835752
34.38335960226714,19.965357556952597
-26.278257503113203,-31.412031094094125
10.206627885182037,40.989755255626484
-67.31534221684396,-9.895875183264788
48.36178509941857,4.318187654355338
-61.582546402655694,-10.613632382959704
37.955818561370755,65.41268717947045
-40.90047477980818,-29.243288034480578
26.184209292853723,30.881007985328395
38.254086705216324,12.38257516558108
35.57937732784982,40.01177280603956
-29.03566451970035,-43.04223317337218
-9.493499593200543,-15.515416768204599
-50.36325025008223,-42.02181272549744
-26.426198990219934,-34.65198076884944
-2.8344626453310227,55.380897037511524
41.27576713068913,42.77376981253289
-33.386721351230406,-41.326325518247586
17.684606998459376,66.88602103066123
44.43880457169149,14.690872671725794
39.75395186352874,32.615102725336435
16.46667942838217,60.46874731275498
-27.107068553241916,-20.678470237052544
-21.571151907781967,-41.59335643131774
-5.415754937082639,40.73817144721312
24.895745074162864,46.32845253687272
35.20778324438837,72.43674115753872
-40.53087339270617,-8.240745578883065
31.826990885743744,43.5602685009203
-12.549150736083437,-45.980678370380765
23.91930362947083,46.36382047383887
-28.337471954946484,-40.93597140640662
-54.0418986953232,-69.73650897618994
-7.561590514097929,1.7647126120650114
-23.569159633226143,-43.84081866541699
-11.841961152752496,-51.988682413710386
-34.96107673367922,-3.5164421164276582
-10.34997571591476,7.172330012768434
-45.49971318318051,-24.38067890111215
56.851583086814536,40.995525685875045
21.852952924261658,44.74102679813046
-61.3684314742345,-12.65495700083418
-53.298203795554244,12.808793451798344
35.43418663447474,13.380806510669778
-27.13413459058295,9.408250268993868
-60.52153078695744,-12.465793427436065
-59.5121131973231,-17.95165825570882
48.359841791985204,16.70728376509541
24.325286015695774,59.24740223471136
50.992259382170815,26.71833820750532
-27.540976818097537,-3.6380873485159597
54.74069960659039,51.80761871614525
19.93057320907618,33.71074150157753
-23.121205804477274,-18.239906719291252
-37.32076805649226,-45.19072027544844
18.570771704801132,25.991142817981977
-32.5064607340567,-43.17285104199063
0.5393245315918413,28.910624793731014
54.600247087509075,25.963766064509883
-36.29301726518183,-76.36902449574899
-40.88187937572192,-52.72323325048335
18.477173781052954,16.369337640591258
-22.376487249785903,-23.164086058674442
42.657755909187905,48.146527577974055
-44.34597379762266,-60.56824452694464
-9.6869188054431,65.34526520556375
27.176194573474874,20.102847574138735
31.608568843755148,9.455417584362607
-18.727552754904906,-10.766932959258586
34.36500275343295,24.401106032733406
-23.11634346074778,-18.921863536923766
17.06952858414642,59.33427671572717
-17.07151786361391,-44.523106940487224
-18.223803597357932,-39.31873559533241
-68.77468243413253,-23.090630540711917
-14.421763563529442,-46.88057155018568
-33.27672187025418,-19.23257330456915
54.82122551611573,53.94575806144228
-49.99409196286898,-7.426052445710461
51.61932754444456,41.179178374888075
20.43518668051722,26.11226407873343
10.777292179928317,49.188623275560346
46.30318287020607,37.77779282094635
-49.331381589338186,-21.63709876661475
25.50436415411461,63.47528172047413
23.23530591833318,18.748879110570304
29.79203259299187,19.080799906911654
-47.40367827125696,-5.124466131993529
-34.44471620695288,-14.661589076309982
-7.9291587855582435,-33.414084350020424
0.006110892165104076,32.51301786888492
33.15714150360148,58.16389755399345
-44.01063414749153,-28.73168836317181
20.5987860322913,18.71035506477415
23.638517893901085,16.43563850186509
-22.023001689504298,-25.545891998099567
-72.9887374387099,-44.820434256813414
-30.043783450521527,-6.284543021329245
-33.558619333064364,-13.597668986492533
-12.827542714196014,-57.04330724375059
-67.8171081011639,-72.59297968800321
-29.104135043616942,-62.08957368516841
-38.799894726143904,-23.6158715364095
53.047598613614454,-22.45043336727136
-7.429889496178571,-59.60333414380868
26.816228323459303,71.46205607404748
-16.706377654328072,5.857495575177797
-23.654025944181004,-5.898435794939797
-20.585572764290482,-0.7796514833818264
22.619672743609073,18.732669083759788
27.777715811787626,56.52300559251214
-38.776025687653075,-49.070713719695235
10.420010818636054,43.715932356270194
