14.462946693057086,31.71433610100284
15.876872396999884,52.88739662978029
-38.21227353297511,-1.820172126030922
-27.570484174273663,-45.40594748673799
-7.7493466623207174,2.4368422029364183
-56.55362578455122,-23.188923846791248
-5.943658299682348,-42.62201164679165
-13.987397918072071,-33.397720720576515
-3.070847734817125,-62.96460739208766
36.8698154851482,19.299960704408463
11.551449868544779,26.84024938678897
22.69665484271863,42.17421748864908
27.530484850649504,19.625891922213548
-21.432525911382,-75.28559153163991
3.7413743069594014,20.856104779050696
-39.34607920878934,-16.485158036224973
31.418355456201144,25.97741673910345
20.171198525301737,19.127547388602515
33.17011509349188,37.486648654074365
50.06264824347825,32.10073583197562
48.81665360508274,27.58099637737857
45.76238202140438,4.621468202265117
-37.511311591717,-39.027467461375366
-32.63437092661354,-36.97325673826124
-30.577797477464518,-10.086770339741278
75.20685717306998,58.85773534100562
-50.43772985894154,-34.90064721108834
35.154150160238416,50.631333808276345
-45.92235657098483,-40.60404472698718
-36.15342214671831,-40.06218210585406
4.184258717145042,-12.134364315365648
19.20884301442043,30.230608092710234
-37.68922521914185,-16.731234152604383
17.082047093352724,40.38637945835491
-19.046163727726096,-48.35396729561656
-12.258080073639093,-44.82696584991034
4.970093686369528,46.257315883405894
49.17967390201683,40.25773070690889
-30.41352426568124,-14.305024206209685
-11.369551938324035,-50.443073224298715
17.650432762492468,42.071447831927465
48.801543759735964,37.45362682301089
59.13934382772112,18.961779139289845
-68.17966988540793,-75.69745616139497
-36.726336717849264,-36.614032187419866
5.2981493202432075,37.7700687298507
-10.168938134566963,-14.866354902690569
12.842834652604985,11.154480715307775
32.15700899424049,20.15033241076684
33.03564339450845,27.411350854895037
-10.95495472634175,5.583636182775933
-17.095458833255854,-9.19616326079722
-2.2415875673320684,5.655608341422822
-14.001182486592903,-13.135565778984216
-3.6206013792822063,18.224241046683826
56.949650519502974,35.38701953145454
4.098575695385576,-33.569191949935124
19.26517621359592,39.4756426547935
-15.743136689134536,-35.15110381006307
-10.940819962905755,-46.82678297674586
89.49751552993533,39.840531345238254
72.17824718075481,6.479621494771137
-42.95629162142704,-46.96613497581136
-28.003861177400807,-3.654483000486781
45.08914273920378,19.242325131685348
-12.79847301712457,-14.157125642095744
-47.943975609853325,-13.314253003018074
-36.553330087237256,-53.060239227516135
31.516042098542705,42.13568113703443
-38.47082679305368,-12.105078769041867
-62.81681303510838,-22.195377515294123
51.86168741511257,52.111104453774026
-43.230684552197,-28.978965361832234
-35.05642362544373,-40.94904501555375
42.73949136371375,46.4892262519199
-28.028154978390994,-14.565794031070173
-7.4661213652548355,-32.020541530515466
-45.543092102015045,-28.116897212194772
42.46935719811872,44.262080840698545
24.59847921752472,40.05689839940811
11.95389821253907,42.304283944102544
25.368219576769363,73.45256193088035
39.12390089134362,40.84316742437787
-1.360330587304329,-16.142890309636122
70.07040423578427,29.913018265629148
62.45053148929338,50.45907537826634
45.57049931115297,21.683967251875586
-23.83804819444003,-28.17983845688343
-27.68221821678944,-42.58700753791696
-55.995492214075114,-30.87321039089427
-52.94272502789151,-45.775973103004134
-65.05081716641959,-19.125524496488765
66.11710019005434,32.235132334389604
-46.114790411478516,-17.692361361428144
31.957624316621466,35.30629422435075
-37.654739121978295,-14.463604331150462
10.501585518835078,47.18112007597178
-49.15746724589221,0.044563561043649
53.52380161670022,40.65899326715421
-18.2131183412769,-30.97881986479624
19.38643674946221,-1.5346947522865693
49.322457874505155,36.46967367911931
6.957362877203735,-32.25564760605376
-18.332062638476348,-2.528967217799228
48.24265508977786,39.21891275084264
-11.732577012934605,-30.832995488829685
-19.657436595042828,-10.944385015923093
3.1523468224997515,18.697436307416613
13.63610947203831,32.793538251874644
34.30271991466168,54.0070532871583
49.13922230931951,27.55843335648029
28.36253003712591,34.14676603562817
-8.13499750031361,-29.913058237998253
-30.881687650145174,-24.6516198260496
38.575358072158615,-0.8738299446606703
27.43599704987027,51.004171400558484
41.71823131980943,51.09273059560106
-36.001164402934315,-18.00485296347
-11.746546503794756,-17.309296375838155
-3.056116557619045,-6.129571268091941
-28.831515442986763,-23.971704080713838
44.28633229975294,16.190364619649348
22.523961161509966,31.360865188399984
41.06945387678043,32.03638030056544
-34.68419414805985,-35.82566862009622
59.59036483147845,28.745072642443752
1.6285459830669708,-53.79119523569331
-54.994419079002284,-48.93870024506609
-21.78967575469398,-23.57570874070645
33.132119545381066,16.41508973034387
78.11722509176325,54.47334896834293
30.637120571133128,-36.27286801703815
-0.2080642889111388,18.14784249531914
15.778881578688333,62.64960508767079
-38.98604583111639,-53.793074400111934
-50.67955260108488,-50.72099371697584
38.65234745688596,49.54661907866429
-40.764668776221825,-8.035906101479313
1.4610515365572212,45.00724653215322
-1.1276671953442374,-38.407928160200896
-27.340041203519732,13.18142349945606
42.24114237593993,-0.8238378169068774
-45.99802521014473,-37.154569712654265
-15.706485228641524,-25.35342828585466
-7.4934422567522025,-55.40404147301028
-37.86823613721019,13.898887170251696
-13.499048338300094,12.519493411037875
-35.391623695515925,-24.857879544382552
-17.939236997497584,-24.66465113908114
-45.41190061804647,-26.272489681357985
1.0627205947102354,48.28495459879196
26.142432624206506,32.59623225253623
15.439176126253498,12.094675489998592
-41.32756050752043,-5.009180768079403
-4.0628243882426345,-28.68306264331164
-1.7323722213512625,18.497711619281798
-25.509984310474184,19.14237796484848
-37.57299246918011,-16.764101738953148
29.65362061023129,52.70694705995621
20.67616792541472,-49.619636026285676
47.48335145189839,10.339818554780745
-75.5358974461862,-59.636437929521826
33.559563554720484,20.42557559507032
50.41797968728008,3.1528352179797965
-68.98603518283593,-21.230133333984078
3.2883885778236674,-28.995027713608284
-25.85740221290877,-11.361490483261766
-17.813110362589313,-46.882332268622854
57.019447109723565,39.792521599438246
41.38781629751843,7.243639975566679
59.30542709980102,44.45049049656949
59.85557824044591,42.06268208300915
2.627081117800433,36.22559820824605
36.81198669296014,16.364680378876606
-50.476911532622395,-9.991211985235976
-29.955969267953638,-15.781846035686163
26.63466598610199,4.057422958162647
-15.236294971887872,71.00267903940521
-14.980763944773646,-49.54272152306054
-35.12446439837688,-19.603033123723787
17.558407823064314,15.399595519924473
-31.548992241215743,-41.13134026498656
49.978166755556096,45.70734437026161
63.06150152462306,15.051811094127094
31.910299900870843,16.652170666886192
-27.11494776158256,-5.633159885022426
-46.52142984567941,-54.084827529509155
-39.00951152673889,-38.62362122754677
15.234492894123928,6.275807324499464
23.51289816935472,25.541509542766857
26.382167099090122,-3.681912978406132
-34.933442358398516,-49.833115351401176
3.8472424336443822,53.71991065092725
54.057091232906416,48.082919190175716
-33.500863218502964,-23.23329833285479
26.875128855694342,26.4399289552319
-0.6694781987277629,-24.05084728186752
83.76060269215309,34.711062841953165
51.80590737955619,13.063350887302082
-72.38912637226807,-52.25277764095657
-48.94718620905186,-47.989819988720036
-23.719974502535162,-19.805771431184304
23.977586983957586,42.03921952228545
-26.856243720782853,-23.38293824312161
-31.511477408953066,-15.049121383851825
-35.70765113950318,-25.816047265452465
33.325238467789944,32.064309137796336
-18.47054940738056,-50.54553685413265
9.602159706468658,15.530480144557743
-45.946838448469435,-8.562552606482793
-44.190200397850006,-22.2837716563351
-31.572821641794015,-36.25786702034269
35.170257563311985,20.479475364589355
-33.462386620719144,-44.50734707668713
12.791893611611409,26.00474179424341
60.57796022423536,23.708209934405303
12.989979403775148,31.5080528794003
25.928791984131585,47.85287649617274
-24.50130097529717,-3.8473915990523215
-22.765777399116807,-29.002073953985125
-35.935959532435305,-44.25070675070158
-8.233675227160777,-21.082506907661696
22.920149465861158,28.51433622570679
33.711259453204434,30.9798569741824
9.355388414321318,39.76018605002632
32.00722617667617,25.625039011795593
-11.653362239161261,-52.248719380507886
-39.82747084214554,-38.36347712814678
33.34077290333565,29.081324708155645
-33.49118048735715,-34.225334228145364
-14.594320558812905,-16.919934060733958
20.081872191395668,35.45538784930636
40.916481437835714,42.236467976622336
34.92219133893762,8.650914284192924
22.83854218358739,39.0991410548716
35.289008286830686,42.01603573356345
-44.03099652768379,-27.832397925946808
22.90199536137725,19.47372421819211
-22.202504248846235,-43.23501149173799
-3.81633238596914,-12.742993100530946
17.78193723693173,54.98937914940788
-29.734767679734965,-27.803959771193266
-58.286774415194024,-31.462310593651853
28.38522899501337,47.52119851943778
19.65083459742319,35.93023001069452
-29.49594802954336,-53.139192148842476
-42.849895715724905,-6.592858764497253
-52.02482407698885,-18.43168884337447
-34.58528625412792,-42.898238748657825
-14.29989823168526,-44.76754152731185
-39.71737460782031,-11.340097623889664
33.442582404427306,33.14487515928984
-50.39274161282186,-21.80214121633327
-29.037412322193948,-29.343854614950843
31.603773283827604,18.986371035809817
17.25869706748098,41.725018575785775
15.497571888204398,46.36066009848209
45.26587866605219,50.345325619726346
-47.836186292040395,-40.005826168219855
-34.49058019232955,-16.341424892350734
52.02308350884556,24.367277475431706
42.4689272838135,5.719893294699613
-26.427651453409148,-5.540985366293132
-51.86276603989377,-45.03188095095634
-46.35333959072483,-45.173490874315384
-28.088487083766214,-5.226237347189322
44.76531444194538,10.804723418276335
48.816309052106064,22.889355488010807
55.33567885739618,26.93475206983479
51.33193361067583,19.622439792179648
17.77502185899072,36.02879122158751
-48.1000494824693,-42.0900329407515
46.313975799582785,38.83880799387784
-15.946446478738006,-29.723392935034127
-33.3738241513664,-52.62886623747882
13.250586688878787,49.36381910749325
20.18991342916562,41.06636616548105
-43.15341040456821,-35.173759543933755
36.61738220994464,42.237814339641965
-23.694771454999124,-32.05597370842796
23.712908954569894,37.550800955974324
27.325508516475487,37.0780179175426
-49.75370543932744,-20.787622838926424
-34.81518537841188,-50.01256073985236
21.655399631487388,12.402490713003548
37.277099726211034,6.8787937487177775
-49.93754224356037,-43.34179542352037
-22.72201546783611,-18.082255050103164
-34.720266880881915,-44.85753375726296
46.40743816349861,49.52801230335703
-30.94355169004752,-32.60043094659648
-43.115020409410455,-37.00029156393681
-30.311585469371266,-19.374889527214748
42.35633803350346,21.227082023147872
-33.429575995046484,0.4642810977203808
33.10560114548985,36.11677438537056
-15.003899135299704,-25.42541272141263
20.547635437795247,40.930925290525366
36.920474624209035,19.91561344843072
-37.092509920395,-33.9729885976535
45.460682520881655,42.57527188742804
36.698692431962726,20.966333987629767
-12.756037261881357,-23.261429587285882
21.596734606805292,54.285602422689145
-42.79752036477157,-21.333108693794962
-58.21723152711114,-27.195242041034245
-34.797882257491835,-48.344441982245634
38.720971977268476,40.715542221619074
30.068488571377802,53.539283774909954
28.87613521517988,11.509084033230634
50.71107487797728,36.523330064724455
24.09157054798851,37.29300547379947
14.920323898699491,18.579773682059084
15.687755810578413,38.78210187141846
-54.345078383500436,-38.227370780428856
44.901535103383644,21.01067348228917
-30.662953190173965,-10.21304965415905
-40.100761034943844,-41.59129531091474
37.00552111935104,36.79404517831015
52.64250344199989,44.162831654052695
27.87699385288042,52.30300626522389
-41.78998902908142,-44.89068309923235
39.4575664749811,30.94650310526847
-34.964088548855855,-17.076105402998593
25.06761179165477,30.603542092192697
42.020145864921105,20.99552090858127
32.474457262497374,42.60171772924925
57.56575572308486,44.19784267431578
-37.539337595981,-28.12674937074369
46.17360605069135,43.84281106980237
-12.11735858204505,-50.17368913170948
12.949539933604115,14.786371620274176
43.28877584602621,46.98353157339305
-59.67919003796256,-24.803400009563607
-23.99466591155929,-49.52417704565753
-11.565325346272273,-37.455867181040354
-15.682183417656061,-39.300538314152156
-7.894507199408362,-45.294124033018996
-49.703424690216465,-25.13642656627566
-52.78139147386418,-19.403164905986444
-29.29220063690904,-13.665388607190161
-29.67412209962541,-43.42755191378986
-12.064147822179965,-27.69472423448064
22.69862608567786,43.36972446067921
-9.758478325489598,-40.95547285677354
46.264297341838805,51.87060182630312
22.83931646456771,29.1603083902599
-31.94332062263317,-52.00571152582445
27.60565200418323,53.65460362894893
21.209908650342364,39.64681155140456
-15.005802177449596,-38.609029041023824
54.47223487910541,47.65472705984681
-27.89517035359589,-49.54895775881352
-55.217223988639184,-43.83111574906857
26.315399678935197,26.009215006377158
-43.18748738204084,-35.971149095314665
44.597070990903894,13.725911030858887
39.99510868685289,49.36206624017642
37.340634284035204,40.85515342012005
43.94933513473667,12.836402080979935
39.9701816253165,39.37193565824451
-53.23416447122028,-33.83700854784943
35.587673319730676,46.08878397821265
43.303291909599025,22.71318838653985
31.260793436056986,55.85439749602659
-22.34876925873531,-50.93531282567968
16.232689990286733,20.009027409055115
-15.925552058148112,-51.02443544269474
26.10659477973065,59.887030790319
-43.80667770948588,-47.16930989132153
21.762560277912563,4.005568368099922
17.34334930949572,48.879613548027784
-39.28744351941635,-35.264530566538355
-28.341782237681322,-13.165280592977636
-17.62303015044332,-23.4446820727208
-22.812078976628147,-28.85828255858602
-39.76557569809289,-23.340984494317237
-18.963914616408765,-24.278203709843808
37.25538609676496,45.46244661854968
-42.153882109086354,-34.602563582247
-31.296885264621547,-7.0148523230227084
-39.62633135452359,-37.527567243551104
-46.50089898110522,-29.394388834298
31.134204918912808,25.49424704445152
33.285236304369946,37.2597739228834
-46.187165754028904,-58.88036323648353
22.760988119661945,25.321489123885733
54.5391625001225,50.48310815458533
-56.65244883694299,-14.169590283155527
-37.36776170298297,-31.294020300931287
-14.355010475132215,-10.508147002786238
43.71081522499651,19.432456365637513
32.605243097484696,33.50452952836928
10.083245425555868,28.03186738527189
8.194483288079457,36.94064189454202
-24.833233570768385,-49.14384968077332
12.942317289016822,35.575617266010816
14.262898796008265,48.449464027302895
-14.210303865550287,-52.49292695330524
-54.55583554601013,-13.714725597212475
6.2835095143804445,29.231700887155238
20.717272732073702,46.81897198568732
45.9928588497739,51.13117454826579
32.12768543539928,15.686813780772171
12.729570176298662,40.9527965942355
-50.83598282711194,-53.02256826695805
36.99402783304402,15.634500584337784
-37.30866024473665,-25.108631022935892
-41.44691273190745,-39.448812375363715
-41.30733076987157,-24.54618425279889
-37.96386623484221,-10.543039969436117
21.705908354467354,57.99156731793712
48.0146415491819,18.161476578943244
-55.16894835215826,-23.851307485786467
-18.51178159000772,-10.412213303873802
55.125591528815136,46.946943929625576
-35.72293137135814,-9.388773936204485
-36.96413446302241,-45.85909794584058
12.32200726251622,31.75223627930151
17.553108700349917,25.19590792453512
16.470494020700592,35.44474940267013
-37.02103149462147,-29.772002887577266
-18.16729121043346,-22.735559348635558
27.50506293191664,22.117441005291155
31.56039127563568,43.199662387008885
13.589639951309902,41.42137517697329
24.033568938507056,32.8797321848633
39.6643004862104,37.892692480906746
15.727854247023402,42.69869628872179
25.21836549789269,49.66371694040817
-54.693296582373655,-43.898948206684494
21.01860450190332,32.97378987016931
36.98960159670572,15.724611423245234
-27.00547603693796,-34.72257539912955
16.109952030376874,51.73020548727576
28.78589342061957,61.02379878532583
29.75331958091646,17.267808476773666
39.48109674816991,18.865612828309537
24.657566806752428,19.064315075581625
35.711763937915784,39.146463558509616
17.343022646269148,17.616568379658517
53.808279190492755,25.786870921627962
35.14046138320761,51.09920220426609
30.795677747555843,20.210998654005945
-12.116656275931303,-41.796741315510786
49.56320493761746,9.537329248909202
-35.50914009473481,-27.3101286764572
22.371368714563843,20.206250057657076
-48.599478154795364,-36.72392766684922
-30.00870199422561,-10.982157806506867
-30.418449603832396,-11.89549082928832
40.35907519695621,37.819502784133725
12.961634767179394,14.254434088705715
-17.937624112467013,-39.70210529641736
-8.655746531080851,-31.53844077456161
-18.133971218797267,-54.200523220911705
15.142403831915312,38.22353308135753
-22.22169473393085,-29.188002004474782
-29.70245568210907,-61.43550342109519
32.364850074280874,37.93482511756415
25.0007062976288,27.7702270540957
-34.55776899559729,-46.9730850616607
18.17919609526318,24.293810827991038
18.039836306146952,25.80289810071588
32.524806808474864,3.8787704535374488
38.40641704746346,43.03600172468785
-16.990174434678842,-57.141096424837045
-35.37247690076293,-6.937287564358237
31.69562901641336,28.563985015056314
-13.53519196783597,-26.93423177590796
-22.66419597772304,-48.72991531508629
13.071650411400732,22.824729632172517
-50.34466218888557,-48.554351883902775
40.201700222254985,25.060898203830433
36.846512621236364,37.94594342665971
42.546126663774,35.715305823888116
-43.02328538115117,-9.062543681138386
36.27006835932068,31.56617128232244
27.387255577191855,27.599695537053336
39.17570526208832,28.206199184104534
56.94784589081974,38.318430205110495
27.785279698738808,22.699399380788225
52.63970806259113,12.840527149054534
41.24623376193506,46.79556452639071
51.67441618284818,14.891388335090499
-31.436287977637548,-46.132347119399824
47.81775699129625,24.15827097921926
56.19617772850712,28.05235187916071
-43.865122051714536,-27.82241851067369
-34.04539784627218,-35.62938155469754
-37.900433041429245,-59.814026475110104
-27.011728801053966,-27.40486341394223
-33.515773911052044,-17.831978714958538
-54.969624514058225,-43.70951580620704
43.451018324793424,26.45676524607673
50.81211859158349,40.44150848943032
-40.07347542494641,-24.852059193274965
20.15964696366336,22.621680647711788
50.766853307012155,16.04366625431185
-8.943816786589455,-16.030389023141414
16.50640326342426,23.593230965489997
44.66910068663536,44.158146593108775
39.54829835319622,10.451616633573023
42.76570269467742,18.152744480534135
21.011909605418747,45.381146367464964
-18.201031332519293,-46.14386740668053
-8.82801799433259,-43.1537430156567
-8.835662916373018,-37.9546038274456
25.80550492679214,22.09517723818678
53.2266847383936,23.548225375246968
26.842724649618816,24.706891426101073
31.0574849953936,43.39160135282326
33.71275911827519,16.53280216571915
-13.082351143428845,-31.974698451938487
-43.650784705030674,-37.4400553888088
38.817198810606044,29.47890258960149
37.92434954275088,16.982742239879453
36.712276961290286,32.83072703660275
-39.8605644538193,-44.80701045724616
-17.690278623529302,-41.551116095635095
-21.49753776412972,-49.85638330363026
29.11532264190549,36.811217305428755
9.181623247010592,35.033091689389515
-40.39029321185596,-22.62893494723457
-31.548434683635,-30.237586692750874
-45.447232269116284,-25.167388570032173
-27.15621561996252,-15.257919899584437
27.018433653745113,10.770927643298213
38.72584168369799,37.54354952129185
43.88522038063366,23.58509007098453
-46.10046971731037,-44.34284476051446
-3.297870860214111,-37.16536374401301
39.08160606901456,56.85459046205967
-25.01667369240641,-4.4884978173992005
12.738214638324713,25.04803968602476
5.4074497795232155,33.916458853890504
-37.21328894825261,-43.52589586480274
16.546969958783723,7.980113579228536
29.180505599831747,23.611093600460208
-57.727079548994645,-33.357468882116144
-18.455828943238693,-54.61954851533719
23.6657185321234,53.89832241586142
39.16583708860923,39.1575408180799
-27.446376044788362,-30.49132199443936
34.872835924810374,24.423685414137694
-23.278669711149263,-16.208712161844403
34.877245122371185,9.934923427114736
37.0806468386239,22.75750449060861
13.527934377995825,38.41839374600194
24.452959913031282,41.52190806425876
40.35720744857279,28.39379929826702
33.86850533449915,30.189362926631798
26.86745662211059,55.3894080583046
41.46058234303782,33.362119466600454
-26.06310045750589,-7.193987725345213
-48.59229630074154,-57.94428414011371
31.24164256104415,21.912004704345264
10.439628926842193,26.976893284723488
24.10657383126211,36.35389650108014
-27.65763238210516,-24.78726299639739
-51.37043712307084,-38.19199426954909
-39.29530055788512,-62.11921131485482
22.52766949158521,39.12268206222664
26.26625547841077,18.275438877763143
-45.762336688140834,-6.732356305780076
-11.992377597517807,-16.279613417749527
-43.22037336254503,-14.043112017583592
-18.69285148180037,-31.986229361299248
-51.882307767812904,-31.95378838324039
26.194838384200978,15.592725542591221
18.653566247734165,30.02476461549048
18.053087104087773,16.269982235112884
21.024945912894285,53.12081822034441
14.312888527812081,31.07471986328048
31.179482035600877,56.13838598702359
45.67398599714475,21.28563366939992
13.326749965947606,30.070104124669925
-37.07100433979288,-14.186616151528366
40.7556881813574,20.573078583950046
-49.33279554100575,-22.632215497695192
-55.741762406101046,-28.741702676496743
19.184578090821873,37.554498987197256
29.44118783947288,37.96207970114679
31.28363630616237,20.975830908208998
57.64312055879533,36.76256515632754
-20.227597353705228,-26.79428069532193
-51.988470579458046,-11.51186279322432
-45.53031654833607,-38.26959576010375
-36.84228672163272,-48.22231940329218
-34.63822069845139,-31.00709690274785
42.40402503805843,43.48014132720934
-30.2803461728377,-14.878202498214696
24.823210958177327,35.40069168758129
-51.840036334336396,-47.56852370288053
37.834607858794726,45.84777608007158
29.421285060960496,21.1400182913613
26.328391205017876,7.420270815114359
-48.68350624452404,-52.38749673039976
-12.302044784024561,-49.04894438126618
-20.901229226588754,-54.543060472521105
22.190002609060574,31.932165787237395
31.34508071217013,54.0080562992469
10.33228543886408,24.32904953846803
-43.1726130075846,-17.192557665423028
-23.98852472891179,-31.02195052646647
18.527001322817817,55.78087139156735
-20.42632760387366,-45.249708869848575
-23.79924382555253,-51.59687713564014
11.83571782353792,52.173689594649495
27.963386760760088,19.3998141567699
-50.00871906163615,-12.575170830518287
-43.49111563093464,-25.22982051544579
-53.98225686924903,-27.91389376921852
45.56429796402252,11.359249265889527
14.821275031409336,34.49620178978087
19.750978785701808,28.71389193267213
-47.34762413649179,-44.46336753141168
-59.3735455499549,-33.232415875586824
23.89304663030545,25.07330000345467
49.21953077586709,48.01844210118326
29.8397463291436,57.08314418178721
-19.612511968306933,-41.49251632256146
55.4680699986516,20.527778082183552
45.12339678404416,46.19683042852806
-29.273036785357032,-40.99409245002428
7.412378759915223,41.98402365955207
-43.51132822930343,-26.29963298065589
33.96085707630519,8.56863647803327
48.9714539325725,44.9275014754093
32.63720641313122,28.346499563470555
10.644583248456314,43.999613142980785
-30.719104694887942,-20.627429946766934
-29.86685740329679,-44.511335145477496
-20.84346351195044,-49.7806030216957
-36.41451370641998,-25.989211949254216
59.404690921824475,32.79675786865239
20.480122163500155,26.44636394063793
23.251759141745573,52.80417519074419
-14.311955216261266,-42.79965584819158
-56.808729885166215,-27.475674017874354
9.654781482897423,15.367692823969259
54.30822795300094,27.521314849759367
-35.96744045257275,-24.922867990516323
-32.98873034376512,-25.253992827685533
35.661897745018585,6.744293021828174
-23.5687444068789,-40.35985325225269
12.300613345664527,23.14923214385812
29.13005886249721,48.10499315870186
-49.25008809135434,-54.12279543473688
29.064935367657753,9.316594721566883
-34.84199890898338,-41.929683854454495
-47.663848549266135,-37.359520233835006
-28.445216048454927,-3.7596442810066613
-47.95009288032856,-44.8457381239787
-43.68191353207343,-38.65508172093281
23.673022867305452,7.414339035410968
17.683251416436878,47.2324248333982
51.83161420660003,49.402766093814705
-49.440987181472146,-21.317334655453024
-23.64574157962441,-19.073200345461245
-38.60116763418743,-5.072893499231128
-41.03367623519959,-31.41264800485867
18.91052222263337,32.28533434155637
-27.28500476454721,-16.663518344536687
-43.543073251146296,-23.51511695358298
49.53923771262495,14.602452661258376
24.332439151179962,55.500223544462784
17.975362980662332,26.354063657174567
40.484187348875096,27.78944422325918
-37.88155891984994,-40.71190479680954
-15.362922169593848,-23.33879049393077
-23.83013410999253,-32.65517852266105
-20.598314172508573,-32.64280419567434
31.127605189540553,43.21075249009157
-21.76041922731648,-19.026709067762283
-9.481832876848019,-25.59528266070497
57.24539708128666,29.04062092218545
-27.52972256838418,-28.008380270119105
21.044650796869114,32.09399969735487
37.41233959491213,6.389774460316389
13.430971149808698,12.872109679709446
-11.792311159294155,-36.20397081996038
28.32017945126746,27.687823265586506
-46.442726899429424,-17.983329412630486
29.533613147892513,39.89115170352333
33.504880011598026,21.315830181730735
-53.86871087405694,-12.438202203441193
36.29985252739928,28.644222013915755
-20.91269361650729,-22.22495061637545
40.31576511324485,41.817518642987
21.907509847732104,29.16900750021925
-13.56293604149364,-16.812736886427494
-29.412008986465978,-23.73039113646059
12.204724921782525,46.4074537389692
40.89880536659422,37.80988242450112
-48.72733796329254,-41.786834264559076
-26.96483138134904,-40.64120622493064
20.56158787445421,25.983801720410533
36.874988997188474,32.89666615628612
38.14866341864735,22.35448847424855
-35.35202514542369,-11.041889411502481
-45.225664281769895,-28.185165309868026
19.183160491520734,51.26198086851126
35.82246256470588,20.333636832027
-48.257852516868546,-55.9905010534422
22.287655672193427,39.74935667164049
-9.564078158951832,-25.18647893557899
24.027415418366214,33.707538454680126
-15.237035231597073,-34.32564122990477
32.10150961175435,45.87566132917193
45.62726734184135,32.02364497347933
42.15253831234047,18.01692048338973
19.349643031305707,42.390902135038644
28.493859317327164,21.94434725384076
42.70377811053165,25.06108902916235
8.03626024516451,39.562881678221814
-49.14186616974097,-22.073340876443876
35.00937604031832,23.76869563980333
15.090580998753392,20.7332518403924
-48.07076709933756,-21.43603189541788
14.248809293966227,13.601241007132607
12.070756534279143,24.440924016553424
-22.600315471182718,-19.524282233979786
14.823138930917102,37.64853325040057
-46.86606181956644,-55.97414620779377
-35.6731763773352,-8.405989213953546
11.400432100186624,13.390898392694593
51.48369466656882,37.13103148524884
-49.14463010044177,-51.93015480415711
-33.743751981674464,-30.46661716981303
-25.996235899480084,-22.89487361738697
-34.11417289569945,-31.24895199316791
-15.224561302796015,-15.339213816911206
-48.44489386844732,-36.57516912059513
-32.117319025904656,-22.737610597033004
4.660650999997557,30.725540543823858
-44.26096380537783,-30.370943809344364
35.44214766716865,14.806996815954811
-59.587921429235045,-22.478136057827463
34.78914093259995,21.356962717359586
15.371583610337133,28.555964158363558
37.103531386574105,10.912793925669103
-26.071784217608837,-3.9498445974110368
26.651964662202968,42.65480188049402
-17.062344874618542,-37.84015776629274
49.111384175527675,48.945120643459994
36.9493057799146,7.485449551920787
-34.40182221797302,-22.875595561414727
30.109949463531883,42.95089485932931
-26.09256348957036,-46.011589373732726
7.114811143838651,37.044227346442966
11.079478033226634,10.662018968983688
32.13598696382963,29.612698266297265
-37.08468388498309,-38.47995893961839
50.953411882114494,33.60696445038667
24.561119076097164,20.39543587835559
-42.04338546113048,-15.889360360806188
-40.761091518117254,-13.029894049167625
-28.9569711526171,-47.34644948492893
16.243735511208705,50.92887730486449
3.975853608734408,31.68861853178845
14.283772419416456,38.29457235973216
-33.93987717924058,-15.215807931916261
14.841000088075138,39.240765419355824
-6.835574392554054,-40.73055710834279
-28.778994746124557,-27.92688527875164
-13.582844820953913,-19.84762114372649
23.38137476658057,22.747488479772898
-38.81832630504593,-55.21082731024125
-11.51495640179732,-50.392144443185714
-25.17004437375398,-22.54644626653781
27.883800011793323,48.11625940291632
22.22591435517573,35.22528332414598
-11.484253466432556,-14.702871651645212
-36.47886465622625,-46.95122442345768
-37.83861036298985,-5.988873790896777
17.4517901443149,54.383085470356605
12.440772695546624,44.76957833784585
39.976821930692104,10.718603752523418
-6.224948245098804,-41.67771066478247
38.02077068474954,34.85604737356256
-10.203849167867636,-49.24800550494318
34.594890872298514,3.7277483700921294
40.56196620955872,31.80958144511272
27.37598273710905,49.143667369282504
42.27092913071624,34.99759124538544
-44.07656943663208,-38.364395589410364
-31.774417920048165,-54.84567572852313
10.006250044057623,31.37357298137571
-34.60094240316326,-42.12542625685215
-18.629175469592443,-7.104134387016599
-53.50863354539315,-19.88176622961772
-22.63889884449894,-27.90556276820412
53.93532256056841,17.851568591529215
25.203365361100172,44.09478094031438
-10.089153154205988,-31.789915983070113
-18.183873370291305,-56.47226059077893
26.60535659796493,45.459975398518296
44.010238135278406,47.09275408976714
-38.612025449507996,-41.44242036079565
-41.285918725517405,-26.62006189978094
43.67423054315813,50.75013387240483
20.68875974991249,33.89955574998319
34.24372762920558,15.201843665778238
-25.122763812875643,-34.72057827435493
-42.33148078808261,-11.167024742843358
25.278454532134557,11.605938090625965
-21.534218626780802,-38.49129734149179
20.380032078437303,52.55694591937708
32.10392856504636,50.28849422607637
36.135208779377066,38.57498827111024
-27.4360429469436,-45.62054699459768
22.627052301146804,38.7559250031706
-45.99299217340247,-9.43974492439349
33.490198463292806,47.266138267303155
-32.995651510912836,-26.78118862844275
49.04043546041207,43.185409319128254
26.19102965810852,47.304117127627286
-21.48199071727773,-22.2632749746742
37.90851296579089,20.618449341027144
-17.696573621544456,-21.565707220414854
-55.36076188405786,-19.80227086281689
29.300530284664912,53.60567750727788
-27.491554431362967,-56.86486437353424
59.74216019318415,24.924343859131927
20.911635771072934,18.4073298787278
-43.8916594627439,-33.94196403324553
-52.67374824972701,-39.413970080267255
-40.3470881210756,-36.82699290806379
52.48298458625676,34.42902532149776
-41.566337103192865,-6.438826787715308
-61.01226554041725,-23.19416995548429
42.903331370884935,35.32114593585413
21.44334272927144,48.75768648543786
-26.408308325432976,-36.16011839687657
-46.06708480087301,-42.86786776960992
-24.98862901588589,-31.80195234654192
29.54580596207433,42.08207880334963
31.071373009621826,29.18160888590549
55.50604278608514,15.695377458672347
-20.784519801252955,-18.7677725924058
23.145914797751068,50.78897754246775
-18.83241640103652,-22.664728750461197
-35.44400721685972,-22.626901927999967
-45.579882570688454,-52.75498584664794
36.53961645278586,6.859142318390767
17.997067209381388,17.890535430972996
11.531356509888301,40.44830308641609
41.57200225716415,25.31535568635361
-19.55574105335878,-5.7927165507883975
-31.69133130557227,-8.616088606183325
-32.278061524015484,-18.80673432596468
-23.068830758347968,-38.77558005038375
-21.48082106762733,-11.239071760255321
-58.33972290997078,-18.24411283669695
31.767388850568786,46.346869472844226
16.63806092565011,23.552232764806966
-28.77060945546753,-32.88068210455991
-20.469831403711808,-28.59196434539585
-22.743483569609786,-6.613847803392503
22.42190331874383,38.197829584702994
-41.68489604997462,-34.8102577709476
-36.26867443650175,-45.026452159181396
-11.061475761893844,-28.078886971234173
-16.920861570680138,-43.135703730662975
50.87392859876111,37.83046195535081
46.75728392483387,25.4891765319903
-26.461809776281108,-46.543658861315286
-47.99707459899054,-53.82007438900542
53.26339320436783,20.64915081272711
3.878238884429052,31.77791177266581
-44.091445747880144,-47.41491701455783
-38.294579417705606,-44.344497573180405
35.57186490872964,32.35489405735577
40.95735218401247,5.003315695034273
-43.005067032418395,-43.21033039499505
-21.67906041270163,-40.91578254114261
-52.08730307299121,-14.536126258740687
29.96645727684,41.27053263674367
27.177646257042323,25.14971596726029
31.677270647560825,49.62761125216754
-52.62789427351522,-31.490920729753707
21.77037429736039,23.939102451026034
-36.980572221010696,-12.771382097558016
23.81351167427837,25.23439430428845
57.700127129638574,34.44892459676195
56.409164589262105,18.382186026674887
-48.58536935269282,-20.62766232766796
-36.60982455685792,-11.306735193611916
-11.312923652052259,-29.679265723171692
22.375626657251935,26.240286269182054
-19.633315120198024,-44.60115998699929
54.821563530197636,23.980523109585327
24.80485452453765,12.242702121181829
37.43675110759353,38.583197158047966
-59.936604864792926,-31.223980072365052
-28.04341495097207,-43.07761832219995
-24.78489592835319,-25.625018734456702
-42.29256924031236,-12.663848898180895
-21.677513418574847,-55.86863322504303
6.970237765877143,34.56294466249631
-26.839178249546162,-58.63937654389056
11.154922902598274,24.702360162629038
25.99380627253928,18.268388033405078
38.42737847892778,59.219954183139656
-38.56314547616298,-44.68664359246357
47.587339214082405,39.47132659910643
10.804865129610235,36.04899379581028
-35.92528674831407,-29.421378809528107
22.87815726680067,10.120184548994306
43.79478361231989,34.60472748934608
-39.57861095454662,-36.2054121053431
-17.887157109767045,-6.6841506770003525
41.92438543930976,27.123015853750925
-9.739400425811958,-39.80925139301311
-35.56975568028088,-56.67198085572941
21.97199977341411,50.21424176383501
-31.54212840906175,-21.229011075834773
52.23083357770868,44.5731490436949
-25.62816472527501,-60.30211499811157
39.20343926803754,23.45890480799144
-47.60944159982387,-26.22281860563625
-40.09504710571905,-39.191015740189
34.782356193854625,47.87521609681025
34.889040632720864,44.27298052923558
-33.68524569507221,-56.92084661179075
-42.317585258550245,-16.504943254278725
-20.36796406046472,-27.46409547744198
-36.417628310661776,-18.28602056859659
38.26270797866293,44.57081212119854
35.704521695937245,34.47705859920496
39.05037525274524,38.137203138234774
-13.921912841009627,-20.75235333937913
23.727090598228287,11.814891567917336
-30.427967524734893,-4.198801785261264
9.112009338503828,13.549890265377948
37.29847679827432,48.96685465658182
34.247413699653144,4.253076899855117
28.932665031156546,13.963576222950987
-30.244162868995428,-8.567021873673838
-36.44335636683582,-51.379224728464976
40.75692547279298,20.042320588265103
-36.78909039402861,-47.2004164710031
33.28925330917332,31.37751837153028
-37.95959659208725,-10.208151619165836
19.559697374853748,38.659659659685715
-20.356016604197432,-32.79450565054448
-16.115927938948893,-31.92621262709762
11.140840939913382,13.015958695336346
-56.49906416803049,-27.97810419923079
34.68528003429711,23.70569548417487
-21.54093155269884,-15.15942789417971
-49.12259677493132,-43.877258666905135
-42.450135243582025,-11.286185348462784
-34.39186204272141,-18.789150354646583
23.526203622984266,24.43329787266922
-18.925429135680133,-7.474204396623413
-34.943827229347484,-46.95795851619117
14.305730287972635,53.3764819186873
-9.806583858788462,-49.9191358410941
-8.802948925331618,-31.053395416928982
32.7415234736823,21.228530550916826
32.68648834403954,6.0671084434363385
17.503291998467816,41.46458281047777
12.71738948114152,34.53790452668736
29.427802558235182,38.249398152584966
-16.996712948135084,-33.7656865603012
-38.263081742394405,-38.787313742907145
-34.074926210731746,-15.102641987692973
13.615492982620022,15.452338019066579
56.1782020416645,46.7050899686281
-26.22957393465225,-24.26516940195145
-28.10133377420091,-25.473390164441124
24.110135470078806,42.460544522762014
-32.55081814949939,-23.76840508167405
35.22603382136971,57.0498689734866
41.450108265559116,40.374662404318215
30.22890659382581,8.885379762512336
-29.70641388142577,-29.67891652850765
32.63905390859545,42.358044213613795
36.99900600820106,34.93977714761804
-48.48237999030701,-27.292065790955498
-36.94000421090025,-15.686796499164787
41.22096749572075,44.21436603873423
-30.08579810233337,-7.628902307506156
-33.202876422405794,-61.69933316069093
-40.40859706433609,-21.108458170887147
34.709035518001926,12.063770066395831
-8.201586189191325,-34.43741489863765
5.84376598387799,48.4005352723985
-44.333827646355296,-17.2122807550871
-53.12032825733347,-25.67390161624664
-44.374604230021255,-39.362150596665465
25.50434614082223,40.42376854847787
-33.52175279266834,-61.8934764183074
-11.101131678172418,-28.48403870770189
-39.612874533910066,-12.926498536966259
28.57815480287211,24.980065206099834
-29.3787115939552,-53.546566529700186
40.40877837135369,14.2904545948262
52.40251562019374,40.252722906509106
-32.10856106566403,-4.843043576842478
26.752936565657123,19.990412448927195
51.39343553104825,14.624765969496133
34.913501434116085,30.60088361266025
31.83102021598588,31.03034551652393
-34.73591286273018,-45.809891052183524
38.11040852244535,28.99087628042437
23.674240665632528,46.62041967107388
-11.400618386709258,-25.68144097466179
-17.186141977547948,-54.4926378448585
-57.119761279161104,-47.050981009313716
14.331867763711527,16.05272595048275
-48.254557747755044,-45.844969849510434
-61.55932253945032,-26.85241376063201
-44.40445849593063,-18.39493125743921
31.79611824970006,41.772505219876976
26.26853875844991,54.24758120456751
14.26378386640873,33.112815016329996
-11.549179881523134,-15.410131928565052
40.850615710998994,57.13914912219637
12.657163157438026,19.59746431683002
52.985430202330726,33.78596003965113
17.961524009405178,51.081488721624964
-38.97688452524209,-25.84852315245793
-30.198195059109484,-29.448011566791678
29.05802272518277,46.507841546145976
-19.098654605458556,-35.176874164917606
34.16978034389019,5.514945012859753
44.98293054906327,28.238698234130172
-29.83941683857957,-18.52046224751888
-27.608992579243345,-25.148853634965235
27.68271889420244,23.131761019775038
33.030125954323715,8.952135226071633
-54.25983336337075,-16.6144292850013
-12.789962312112605,-29.011877730058323
-35.268739992540624,-40.91808242081757
-43.621191521807525,-4.421560630051545
44.20390541807085,36.65742984423087
44.54560721580195,51.78433151568174
-9.760051629135964,-22.07465875747295
9.727858565851552,42.99775211659415
4.336158145566085,18.29633999658924
-29.14861962836289,-29.25109195458087
-15.767226674260757,-27.22181067585051
-30.69499724328698,-21.82864415320076
16.412927189181385,51.85533765360077
33.55371835197025,37.76690105219158
54.216775707987786,37.424620509221924
18.7290985589377,50.09733765509942
-18.23520927228855,-19.586673653129846
-43.03382361414975,-42.84416875527669
-51.301934299310034,-42.22600641757492
26.526129213140106,42.04083398884815
9.722433346561722,39.52771399217193
18.10552519285169,29.350080481484607
-20.669087603613363,-36.612445019791366
-19.160889293080505,-19.870766761737105
-46.55482358725692,-42.86021183753447
-60.550794864205066,-20.09148463921704
22.472340795609387,19.53784196780137
12.974917944050414,35.428594450498345
-45.57941117933401,-45.662441658692934
-19.90827344164098,-25.397793663959174
-50.09554402328578,-41.343363910386266
-41.64817817653039,-30.20687807566055
22.116978671233916,42.72596734083171
-26.42457355363268,-57.800213452850286
26.48116347486205,32.12734712441908
-62.12802113347039,-28.158984930974608
-22.74078148687073,-31.07692494857332
46.14843556977456,9.216410417017226
-23.816100129201914,-30.407604102929795
-35.66054162098127,-52.98336004440315
47.214049633614025,26.18122223298606
43.443281011445016,58.526729706027965
48.890795998113745,21.734369504434657
-19.72951605327372,-53.31868725392246
32.038752459479234,24.20678239345652
-17.410220098528868,-37.752232828430145
28.004443150622894,5.022290088117964
21.818752312900838,55.4957782829724
-13.419932785870824,-33.065737809185194
-21.505756512616497,-52.97049890655181
-8.676310713571588,-32.07684006583624
-13.204509182557235,-12.363303915247505
41.66089419541245,26.392591480561233
-28.513130056047178,-34.27797645598389
-32.529842195076434,-47.349400944125605
-40.64793742427096,-25.56006603580544
9.756538983983873,29.290876497472556
-60.00000144681334,-37.900389653219534
-32.7337321247252,-27.8254482328082
39.31158849299344,17.993813035930536
-23.54552776377813,-39.44494583012578
-31.56143337508945,-37.28820148718294
-14.781116281091686,-27.026893235004174
-44.16815970081135,-36.385435969467935
-25.058657623060327,-44.609420360998676
-30.62259304341331,-26.40937282912713
-15.527300220788796,-28.214624286948037
10.568228933238608,29.7368801074936
55.771464638601294,20.831943431047414
-26.04444717142341,-58.43463205907384
24.21994920164484,31.757572652824802
-35.21221422218321,-45.348706401956996
-28.860054650962052,-28.78051540952547
7.47016998630631,20.04727288852281
21.08531976592728,22.292719852576667
-35.18878623779024,-58.24105690852788
38.95618255406779,18.91575264564937
-35.46395896977098,-27.00696933590043
26.49441429230461,19.09984787302221
24.952211781254505,53.95268786451764
-18.825164487812604,-39.587147366806825
35.36956189950209,38.87000625401075
26.736513624251533,54.91848391070821
36.97899946423493,51.51539306444704
22.542705961458026,29.27076493721777
-36.998170193883865,-33.296036768647284
-43.9992272992659,-32.33183246214177
14.875546508895711,46.324739581035566
-15.978916465623849,-27.710170166813363
-33.1451161799272,-52.92822556725864
-32.20191583944427,-39.113345686014966
-14.403751679417287,-10.304954564177491
30.2581799583342,29.652136844635173
7.703764219190159,43.737002622276755
47.93293277082267,28.60349147862161
29.367793639458213,8.234829900597353
27.57271852327496,5.570501517353815
-35.152993515205004,-40.39931866026859
40.69970166018985,31.689337022111047
-45.21853526094393,-53.433884400018165
52.93893462961041,24.127351670270656
-22.295416936518887,-52.246151802544034
41.36048576127068,29.52055623423239
-20.352018838401765,-28.430151257284884
-37.38574799439775,-38.1837182677385
8.120875287210849,36.76408501330949
13.514359343272345,51.1019136403946
52.771318039955894,43.092797114388134
-51.89096741767342,-39.66883476226454
-21.695924536158735,-6.623903327658932
-38.38027386135739,-29.625395865570212
-37.993000636134376,-58.09817083241026
52.32565466195842,35.83645057687357
-52.161203285240745,-38.64160888230025
-40.68621762748182,-34.66329383438105
50.725303411500605,25.085874637939273
48.6308038253232,45.221279674031756
21.678021325920177,19.959684846806134
37.5152359015289,10.668512402650624
51.319514449345725,49.1346393781846
55.595535337232256,17.246182586069025
-38.792529954141656,-57.53594453353664
27.812031336822425,28.39717774199265
38.80562342483272,7.573967192821749
25.12828632218004,36.53980040676841
-13.643134144922676,-28.221828135353444
-34.915601357483936,-5.20101783436834
-14.324339988106676,-18.567032667539667
-44.32211540783818,-16.996114160311933
19.92347538007739,42.740573707749206
26.128848223007523,36.51153466868361
-23.14079345710288,-44.56238834170119
27.328386289762612,10.032818384505504
-20.45796107576569,-40.41324009749781
25.83255302560884,37.315885284273854
-13.89809482898218,-43.08899425961243
36.7057869496815,15.678295418608155
-58.636690329891955,-21.28899215351462
34.069532762501176,22.337400147362548
7.875368576168243,15.985470376946974
-27.506271756967074,-25.434571900570113
-28.102651083999227,-44.12207232007455
-21.48308445436963,-51.268280824925654
-24.15985809210369,-23.420667431578817
-9.893071707022749,-43.267585490721466
-38.978339101988354,-52.30816811848161
50.40969073038935,34.17168488200491
-5.446662160413162,-36.715130343374476
-35.28580734533789,-49.32264488164775
30.69890008954947,32.05911491766277
-35.938535006349845,-18.982431213771342
58.00439086002141,27.223816425120567
8.253333522381972,50.31447162749325
32.90445817384177,61.12870606349679
-40.592681468710396,-49.2661481685799
-28.25443418878934,-29.21121169532525
-15.612414760187395,-47.94161980493926
13.431212401817035,29.814707244337715
-12.130260227414176,-30.837390865640725
-33.93602556264939,-43.45137241573097
40.20910635011766,4.455007480003612
-45.666784511853855,-32.052761968902146
42.497955773321905,36.52963150385261
-20.21670398188956,-29.459906325676517
51.131942604651286,42.05384665076155
-35.74612178484162,-50.790080362137566
25.903345733654927,5.091053821431808
47.87890630757046,13.491006538384898
37.17846982826546,52.685728893879826
17.106882442970182,14.800424054353234
30.09638262278343,59.46351168046644
-24.50665579580229,-46.16361301656987
51.45486715036658,47.48372261754793
-11.50776090404716,-12.02588304579202
45.54675640113211,14.536356819471404
34.273410974212624,35.509804243898785
12.459648995711506,35.53361537755148
28.64533981747004,49.442090441849324
-26.617982516363202,-2.0116673604030453
-33.4266049039232,-23.15338655475986
-28.499269545966328,-45.58203357118227
40.803112501067794,33.24598978868602
-39.29440688799368,-8.375002588870451
54.331349941481506,18.409064318845864
-24.934723757528637,-40.97449922698135
29.831864346543146,20.041653609931878
9.983504612823953,31.658232315545984
36.94309212370688,16.709746135908297
15.926109472466187,27.14220809833041
29.539757596762186,22.103514733364285
-31.259655421290628,-38.448311735519404
-40.87326234838355,-4.1311063310535046
-35.10297169069644,-39.00903329693575
30.301892243945915,37.125163875635174
4.298544515105746,23.326367736544103
-9.18997990492432,-42.63759376418068
-28.685780540729883,-29.29197269278583
44.33246595956787,36.8933161865753
44.334423648190004,52.016205258854406
24.186378269324216,21.59531751349909
12.758258665768604,24.801754622665786
-19.513587518578973,-18.51835469375548
5.327415378354153,40.11562525827765
-6.331879055931253,-25.18596524773006
34.39648790767305,28.706942813043646
-38.51734525055564,-31.161647568316283
-35.88066363346388,-11.019526147500718
40.46859746392972,44.28060628303246
31.929857820262622,34.06314506855287
-19.492543745337453,-21.125883812586498
33.651478613477856,13.966592410295663
-13.839750099267178,-32.07301736679303
-27.39121662049756,-40.20321495884753
-10.235818251824043,-33.17437197463918
33.41101975416673,45.331911689161316
32.56148734704486,51.51345267351326
39.45611088477264,25.953181748047506
-41.07438321616037,-20.246011687335503
-16.4698526958352,-27.061252437035108
-25.65554431012287,-38.72984795011249
39.46228441705264,22.04567440219468
47.26616789867892,25.36105497344093
-22.41242092736061,-44.61998907101896
32.69471166730343,22.193113337364988
18.651879475500106,9.626453521972678
16.614329540754486,14.76829467341917
-37.93134510102888,-57.87919561422849
-10.924312650599592,-28.94608043558573
-50.448027780608605,-35.4806957714009
28.115681309268165,32.255094010954664
20.874563554755877,30.073587180893274
43.8761578861778,46.944456894392935
54.01290069569461,42.89521770536549
-30.5641121807504,-26.437212577367106
30.1812840134444,35.20742446972325
-51.52685384490914,-34.99675349921209
-10.266663375782176,-26.775644408632328
-41.41926501302889,-28.09546326525664
23.78011943112291,42.95816749533653
-15.804876968298554,-17.087527369377575
-22.753573699022137,-50.66857556700016
25.760675740287557,24.27240471467768
-12.642826621655946,-23.358124458714627
26.03673484812425,22.268927900179342
-38.53914816845439,-23.077993726386204
43.64746107255488,11.652811382858982
44.1114094069771,39.26600476039909
-19.437160759306046,-55.37225389705554
-49.016993042218,-36.64977676231678
40.79789640733871,25.387250783696434
-33.70442873767344,-20.746580785845328
25.793860707633357,41.24826998048432
-14.544249970702007,-25.700118917121106
36.98451455475156,21.24233880893268
36.028485201642624,45.95281934791166
60.41921651424211,36.67007231818793
-10.318936834813432,-23.02839371227715
-13.963730536161421,-29.097242755493703
-37.88849887402133,-29.005537892994713
-19.306423668489234,-44.57954167788689
15.588244420351483,55.182597821946715
26.463699476718677,44.76913235039281
-30.47857946750689,-21.54843060453852
-42.47913095654346,-55.846351952269146
15.710715328113318,41.530292484811255
-20.484706998843173,-50.75186050588231
29.130457401910014,10.29629175918708
-28.716351030363565,-43.64080896899318
22.19395320523848,25.3094993330482
21.969622177771967,48.24062763965805
-18.901749901083452,-6.489763911631499
43.29187673729726,40.261555332165415
-33.773819352333724,-31.112227139472235
30.433679297919834,42.234122342068225
25.214502988728256,19.953504370178454
35.039930782641314,5.395318418761299
-25.280727983275362,-11.924641151918962
21.997576325290602,25.46102812304762
-58.11174989036558,-36.52856954034215
-26.18132020754119,-46.599947732252424
34.09164050362267,13.51464933421986
-35.911484228920095,-10.719780424057651
28.421935400962248,27.791396944055762
36.114158455938025,35.96317641974872
30.448177148228364,58.88630040503397
-17.995045636915243,-34.98691710709724
5.6439122667940484,43.526213845669744
-33.653995675829414,-32.826788712439864
43.47836916404053,53.67230321853219
49.651658281071605,31.808738512428235
-24.79791655618057,-25.40549251015583
32.208609905095955,21.399727664593733
30.31790817268972,26.26012521813325
-31.979711680021104,-10.957744770741119
33.25532576108325,59.38258249369976
-53.060375107963495,-41.936906493202784
12.680088492212885,47.04713577178374
54.88971145401558,26.221953413228068
-44.311739472560255,-19.39649422021445
27.95603907440979,31.127688103706518
-48.18007002009488,-52.86057790946793
-39.70815204190896,-9.234439069952224
-50.48774780617032,-32.331670520413624
48.27844041689081,9.584841783843052
-23.40526801311427,-23.29570983548419
-37.54081481590541,-23.52542335699382
-50.39493506139064,-17.882876788166584
32.44684904606615,30.22015380713105
-3.9939082575766562,-29.051704356129648
23.57191380752706,21.247108898563926
-23.04012168722725,-58.93667278719222
-43.08780480382392,-41.18121389326385
2.3705516159584095,37.91617475723535
-21.431627371984533,-19.27230230871903
-5.868949740719247,-41.86724898104762
31.25787182460888,20.97448465638681
-32.96095250504468,-56.79705174700061
-44.05332720071994,-20.48263091876021
42.03871456268168,59.749101267557364
10.119639774791123,35.91590281243232
-20.990618194194557,-44.382569798734366
31.39792816031753,10.702239952084916
51.59706958621536,46.31220529570586
37.86037239289311,51.38187354232871
-45.98449063579757,-9.41145604786804
39.89313809292675,49.388324232143184
41.268928241602175,54.3886709768493
-10.23230184073084,-30.13051195879732
13.676614018037426,33.22406003073003
33.604168943066504,31.76271929418624
21.092005096505503,29.235136342108078
-11.752387964392623,-18.883088881847435
15.876043497880008,43.13028651372411
-23.63537153652084,-26.443922042182994
21.314163512946585,31.122123394182076
-52.77945930398141,-20.61031078383029
-16.476240244258516,-24.003981304287823
11.286337017240744,25.43020890089177
47.75259777847398,17.93270720731121
-22.263673135926258,-49.41134372941538
20.320892493146488,44.92677544561907
-42.53303287144587,-39.375225723697866
54.75673634484011,45.59411336683962
7.9080824032806945,32.31561509304727
40.33444609476024,10.158210750665614
26.27909598483684,13.24331140331186
20.29621084647779,19.68864005333941
20.072443382606867,49.6337555149139
-45.181860385611856,-20.911974206891887
-14.530585780744634,-13.040056209962867
-28.392879645522022,-25.903148855636697
-6.590379463728253,-25.344371694720035
19.475770259816816,25.150245256120755
18.026743034907106,37.626469625646926
-39.639889885330966,-27.485382969701828
-20.87299372841716,-36.83320270792171
-12.715339560663693,-17.456674198488052
5.963770958834478,25.30866580057008
-21.472627116611065,-35.78968220121915
-46.237102493503635,-26.725701536322745
21.18303628722952,7.249098691859357
-53.73473972641688,-34.40410924839656
-32.07526124111573,-19.31731790713581
-21.180253361006397,-5.496409342606029
-28.604382924767624,-6.353602477255052
48.67564104210166,20.298166737958926
23.40118962669959,13.058409363172965
13.386011056011641,27.85876488335713
49.99041117637806,26.57058879090992
-22.04493387743818,-33.83495103515211
9.772245511206759,24.889256410924855
19.98595025530284,24.06158592655021
35.5649111996764,37.279718427576725
-25.93073601526185,-47.22877662950829
-21.06802700257008,-8.311463384928986
-44.47533547085322,-41.146514660078296
25.206407580247657,39.31869314550539
-17.267417702827288,-25.68291871817632
-18.50683087850907,-56.05257741126681
4.182038240732602,45.25772019227005
14.335984196938224,49.37625373916843
36.10689365392393,36.99344946360193
-12.068304748795093,-45.48023359941106
14.159324093397649,29.37024608081309
-28.228210158639765,-53.81046779438947
-41.024781313558115,-32.05051123947772
-23.754130305893607,-45.80605579008273
-53.32999675884467,-34.64542229650177
15.102440775095491,9.178533056458914
40.31795592282664,33.99057770557409
48.89229118555085,34.63190885486256
35.27498975611033,52.293224095019376
21.29960578732776,49.24857709183682
21.67328619824332,25.934134175450893
-36.004667035247955,-50.79838585462998
-60.41637301295447,-20.20576524242214
33.9536190045392,37.38920398594529
25.483498132825858,50.92883225402559
50.758419652791005,15.362959534878676
-17.754490761379714,-51.72629689316983
-26.768851288746728,-56.54526725288733
15.864351680534446,58.17567131914586
21.353054005988795,58.31072554666735
-36.225167940824825,-24.5006016537471
-58.22980672123431,-37.82264101606071
-31.6826385235808,-18.572010981462626
-36.69492051179881,-36.39749746305039
37.68572171265747,47.43551882812864
-23.20832395239469,-42.09758823808225
36.43141776501325,44.04580784373433
-27.3660348051787,-23.41146142425243
18.651404992958398,28.82784181782227
32.626286463815624,37.09832732939554
-35.10324388206357,-27.896812950830306
31.29166505600206,60.006413405376385
-28.858430218844084,-28.01804290921986
-43.222584367665526,-11.2635339358004
22.116874770040674,51.408503270278366
-46.95053352594378,-18.19304298677689
25.768588224353188,13.709362436164787
45.69719165959457,33.26370969848673
-34.87705585728539,-30.003668719458304
-21.77113193083364,-37.968027240503524
48.92676388815232,37.65974195955175
39.200526571023524,12.866718778883813
6.473769594213295,46.27667045287609
-18.45170545091655,-10.634398597775846
24.228226457716016,30.26736954292655
-43.105000509569024,-48.4623281553591
-11.5067428830273,-28.917193619654626
36.7328716057156,46.35410722817858
-40.549973246675656,-45.895993916936035
38.263005496716396,30.24678603299971
27.83801459615097,31.65332660360093
33.89816431778952,48.69945961972476
-35.80190754185568,-36.122709404412774
23.11365741280537,24.32455785199996
34.88658816909508,39.70708939823158
-9.424432262262409,-47.11395540713447
41.26549045150945,25.740505812695407
12.451783008229766,38.55892722128958
-56.979240753986254,-36.023528378857115
30.367840423335533,25.131538810114478
29.991062821505853,39.370515749952936
21.34921594372404,24.325676159456247
15.671318637992384,37.36789103730454
-59.454875864751386,-39.280917647541315
-4.669758029244432,-22.7293161228377
-20.980725401882232,-35.106476531433515
36.72229398426599,48.07870797487328
55.73485344779937,23.674718201605174
-12.390087157644935,-35.14294696986442
-19.79657211845315,-26.015429555932432
-31.071449680838427,-29.231653304500107
13.015039545369852,35.59665541276947
-7.8395044548629365,-17.633372307271525
-25.52556063343973,-45.19859012179042
-52.239973602108,-38.34366264717653
41.579070019105096,20.627579541600284
-8.937368877154789,-41.89030829276436
32.160401138283625,47.87891676852443
-37.47745165847452,-31.73162850224794
11.685268327496832,54.06638171958908
29.37772215805779,60.49650678166629
43.865210995948274,26.88216671433396
-27.05680625064681,-39.96189157574098
-8.016869312184664,-32.14792051365267
46.52667757930231,20.84387148266719
38.74056488703596,44.12292890980081
24.82701037818003,14.193018061137025
49.223591207567466,43.49351010763213
9.970823159319274,25.292733411923503
-43.42066727019186,-22.176327937342638
-27.089442316662,-41.73984987055105
12.354997888032555,10.698306502689194
32.11819944260316,2.281730990722725
-19.41212604328031,-46.642364147033106
3.355774170692812,38.41895575302711
-16.050065017229187,-42.849114432373476
43.37680686597845,39.94664117358468
32.4119391704852,51.42903628261556
-47.34222537725554,-12.792631876903995
43.75440974127701,21.00794166528513
27.44540512916824,42.73148790683646
-22.817123054761105,-36.73892285273035
25.143690605880273,32.95418360824221
42.0148384201179,13.611728696204212
-38.637001747510034,-20.034352894252482
29.94209080385045,3.4771874669636165
16.848842789474386,46.40927563429612
-17.012978549112333,-49.73983071880638
28.623085962566925,7.5676862839206365
48.66240626293161,45.91455732565155
34.754394619378104,20.107756163570766
31.558839928302465,24.792178602908763
-22.37865542929865,-6.7319652230638445
-27.193575557390695,-15.675643889462721
51.76725568147578,26.19615689475912
-37.19106117711675,-24.51888226940677
-56.29341423010874,-25.355761603931928
45.7174534904824,27.094101705158025
24.979935136127573,37.18551827327077
15.631897420088785,34.737200188485204
41.11849464000832,34.155296251371944
-33.77762544543777,-50.90347595171709
38.471399550431535,21.633610855614968
-6.713427896030173,-41.17640578202703
-37.891238709721975,-34.671152086539195
20.711433272007746,24.894002934912795
-16.120574775119277,-33.68418806626982
12.673521543533766,26.411844685540906
47.88216997780604,16.318093560085043
20.46549668776664,39.52739411762765
31.650784021552106,58.51933082541454
-42.12142130048461,-45.49788000783693
23.254819365094395,27.34419038547425
23.50641408344034,46.65132646413
-18.24065059758201,-36.30594553590039
-16.420034808780674,-16.96827377443659
44.82662791560035,37.6341068322051
-44.741117286773175,-35.79741954954412
38.92232843102417,49.96564534014392
7.902764394227018,30.89683253410395
-58.168969782569,-32.877898930187094
48.21866142597239,34.199455724627136
47.78759428953754,37.748129945133634
48.10995823979617,39.78973826438415
-34.507619936683604,-31.940076092944327
-52.895273990692644,-12.730673439095213
23.01042183884779,16.41795355835432
-17.026634267916986,-21.6672122970758
46.427853702544525,17.585593488848865
-53.73975766335042,-21.969236819658164
-52.06585319816978,-43.173107229292185
45.57388713948186,30.01150946405805
-20.15426527175789,-20.813959617096373
51.81327312712142,50.52396989936757
40.787191738038175,13.920661515208625
-28.37600050799437,-12.240685244971313
-31.37972975659072,-16.884475881431058
-32.01463530361566,-35.210088012800625
-24.145175950116574,-38.445732565024045
27.825448630915844,29.404826187540568
-17.923192270426856,-54.513629199675826
36.24041054281646,32.92302815003776
-16.198260027401126,-9.294148367768212
1.9555793366889704,37.006591278383524
-4.874386978218542,-24.01609139560516
-26.26927296650836,-42.742875810522044
7.028739413240068,17.696865323386874
15.379195889897904,34.18770226927203
-41.60235289972463,-33.728508960124394
-25.703546627760204,-25.714866839089247
12.711877518681376,36.12586935288724
11.6612732199199,21.815191471004347
-17.401096609634067,-20.41317246873062
33.536251245172274,43.10002162981904
40.21328449856462,54.801240156616224
27.967161455333336,39.032343094187134
-36.747189126870154,-23.304169877219376
35.41341190623698,26.03729499142223
39.96759847200902,41.29965970506872
-25.86828302223521,-25.14213389446343
30.988787532747434,27.2756129069444
-51.70571409314988,-34.62721953156132
13.960796574536245,30.79447009808681
-48.260513617863815,-48.583942563617114
34.78807056612911,24.623522321684717
15.002500866514001,32.31676760798394
39.22851537223069,44.60405400710862
29.09853842005879,50.96840401644869
-33.790050856154515,-23.08748569598121
19.142774926046926,47.49727092349846
13.541409447231722,28.2807757215167
-30.328334339164805,-42.19297894096147
-25.953180802631827,-58.71676322479746
-19.703816841154577,-32.691600588847905
36.051291187730186,21.40429169261332
-36.056156058239395,-5.531542455514003
-18.639579216292752,-44.47533689496597
-27.347952628316378,-17.018652365728087
31.602386158409878,45.83776582994608
43.19489360251983,25.00806229508776
17.761103400825967,31.49210681101066
13.95540973207857,47.47703151230977
-46.743115039335564,-35.796562184227064
-51.047154553679526,-47.03845065814088
-43.732004541884926,-31.806548124681505
21.865747483794173,5.790046253474344
29.71415666322285,18.937668510846066
24.381342241944946,49.04587120061197
13.409643635569019,15.302901032603526
33.56588247787356,22.415679185768763
48.50538385907378,35.22275996644911
41.809022369790355,8.8121550651014
-34.20689209249001,-18.665834662729875
-54.769830798622436,-30.81771711459287
-57.820102485211436,-36.10704469943379
32.02603839056075,12.371212584673398
-39.970130237190006,-56.365353459037685
18.89760045004436,12.80867760304616
-27.305710873577603,-13.576605963817544
33.5118018156132,29.161595973097192
40.72919926026953,40.75650872737465
34.74253064067933,45.140582535384816
-34.63460306389367,-23.873440941523253
31.59149538731374,46.933730781407995
-18.33147836527711,-19.291765697411613
-36.42020650584621,-29.95937164480824
48.55928855186981,48.46417931210638
6.402867804113831,33.075469555540074
-27.774123122388964,-19.052601434654065
31.702007406437644,26.80511809785764
-21.338829337749164,-27.157182524006963
28.689373884764713,4.928937501134931
-55.19454320573888,-33.43369076067827
58.74103888229529,39.80736892899276
-46.19066721056719,-30.926759271304785
21.248723059488558,14.849695844053574
-40.60237847141025,-31.0989475050636
-58.71466531706115,-40.73968425282053
-17.401046680860738,-36.17800452023315
-38.14590772123388,-15.407692758027904
4.529090489765913,38.56236948624793
-38.72777669647296,-4.204324143361475
-48.158606420305894,-36.05694457271017
40.306304452747135,22.20742565557791
18.60223529316033,25.41560347258935
-33.51506716417059,-19.187019618071663
37.071904987392784,28.73933659740089
-3.977558382223311,-31.074562843349764
43.512896489929076,36.094266883631114
25.99459457188825,28.031471241376853
16.695151878829524,4.706817992933062
42.49479112953594,38.98918265848168
-24.911502844859648,-45.76362619807542
-11.167584447844815,-29.414854708914966
44.48393108785634,35.49036705852001
56.569062846240946,37.72297162987212
-17.659420669604962,-41.1089790965357
31.726137070596128,46.298079580254544
26.67702619446763,10.3650028447506
-15.736473222618473,-38.23238645252992
47.56423142792923,26.810720022879323
26.551481393831498,42.36258800817864
-10.912154313843754,-36.62762695604195
39.76558514679027,32.20404453604442
35.002564562794326,35.95006404371179
38.01827095755167,41.75463935172717
22.75646876686729,39.555019893567035
36.68448662817125,27.81621795378119
-46.183868814433964,-44.94988768530917
17.093192311504595,51.08300003799136
34.07868667752182,40.41459335717301
47.13221829208157,35.57482166996162
-36.69094481911658,-36.07105775963182
35.59665289943303,56.345506014802176
-4.845898433296399,-19.076063015751828
49.55481703193115,50.23583145078045
-24.467584201855274,-40.79612559321912
38.58437692138846,34.66917410529469
-7.760754198203673,-16.72872627425031
26.21474217454518,37.405587758235455
-50.180393312930185,-8.023993870917153
-39.24424332278392,-9.606412143235369
26.559525491606838,43.460439683935
-40.68344995626664,-28.227657779283433
-36.798504970796586,-23.877880373800878
27.65123523021662,5.690789070888474
-47.90565227893847,-11.006455441182844
-14.74837680099276,-16.852219696143244
23.312640738616576,21.336765723041932
-52.168295461602796,-37.0987679935403
27.117332363996592,51.73970625463525
26.07887853844723,45.87940808361953
13.810599384541945,34.974270345684374
48.8725509484181,25.748422508869506
39.513524405693566,58.500999910281685
37.397146092858094,17.153949025748226
7.925257598672317,27.867544860636066
59.177758807861814,33.24230172138181
30.891505866654377,47.564893738249644
22.554546083588143,10.496738172637759
-32.11160735730436,-13.371278092512902
18.74952978271127,32.43613798297237
22.75677265999901,41.677850475651
39.92535713427755,14.927200881180658
-29.063674818202834,-23.435547377215318
41.31668253192667,40.242736564085654
-15.440868665405144,-21.45398883561296
46.18486410548067,31.15115524869713
50.86849355599885,30.36900384114455
12.052372759334911,17.806548124688952
-17.056779086491574,-37.65019955379335
34.91253664167373,15.305350986943774
-23.522907795662945,-40.67124325556108
7.877699457433701,19.905257858489453
-33.0731730866224,-6.077855594432367
-11.726445901097891,-47.23978352395336
-43.37723598647602,-23.483073596890332
31.80928880269387,39.65986531555329
31.75553275733624,40.28396267177882
45.952919532671444,38.012786310210736
-9.683825859333943,-41.70431235344925
4.270526021612536,36.50397367157289
21.12161733534437,13.447516085782993
34.54029429334993,41.9520119581118
-43.78626179295927,-23.642211860133852
23.495448948602537,21.670899934477376
-39.402234129405564,-26.455187342106253
-40.42856632943651,-21.146782873201307
-14.133926908357425,-19.89648665566063
-37.37119842291697,-36.22250005988247
-34.53612912164982,-55.32924828941625
38.27838879618324,15.025024052664762
38.72760595183056,14.811437623227224
-42.17704363542054,-28.61393147127772
-41.2296768882632,-19.657290542264988
32.433087905676736,36.66362306190425
-44.78859091242344,-49.85198886845522
-12.284216174153778,-38.916478678945495
56.23449252643078,33.09676454065223
42.772158270337584,25.001295999903864
35.22456522293685,39.145051217061415
20.210645760242976,5.87743403267941
-49.549107782620105,-27.78267669352679
-49.83653576157078,-31.418181405171808
-31.227944873887648,-50.510201843055974
-50.99586506951263,-35.90188402990033
12.420051754939175,9.88822750562203
21.3417053609605,51.050273555382034
-29.63046634126113,-38.01573016420119
48.51099407801386,21.92258747048425
12.094764472773123,17.29828428396633
19.87348747111725,41.82948442390234
-16.18311713447974,-36.86658986522993
24.24983354565145,52.83993353966713
-14.995561503885671,-32.938201289881036
-12.299399564211118,-12.097494296176755
6.970631747014156,19.947980784723093
42.47953588069261,43.18412760600441
-30.249040891327954,-40.097397117229065
-40.297788792027156,-14.564105397292707
54.139806715484994,40.20764124466586
39.28072042386607,32.33750879640152
42.06108993788289,34.27861799247576
35.32477115887513,19.841256948557568
29.858488601237603,37.530259231437256
-29.73495922424745,-49.509703645332024
-23.60297857295196,-21.962705211700797
-2.2975215682313674,-33.39419677058038
30.369876207381438,15.961515307687788
3.7504040040096815,42.21566273302813
-34.120077374024824,-1.2670369013554603
12.670503822923,46.91781169805763
9.11731227453144,50.51826542368123
-30.524277218634342,-32.55116603388002
-25.657697569109445,-36.274742942007435
-29.353205162484013,-19.09683596543611
48.982511208884745,37.86273112469099
59.83915157847694,30.77839752773961
-15.000256807869455,-15.828686149666662
16.102235734007536,49.408414777271176
55.90411764041521,39.87962675244125
-26.948968374896086,-8.655232382145932
26.611419979944294,49.366955086798704
-32.10876745944295,-49.238705335644035
-41.09413440155205,-31.704875978380137
54.293269812956495,21.509301329834685
21.1966213116316,29.992459509460424
44.585074139020946,37.640820115969106
14.357544161758433,29.440447093185448
-12.231510427572731,-12.75776219363449
-29.931223730455702,-26.19618550223772
-16.095116236524966,-24.491743532245284
18.477976381983193,29.052416096838666
39.62590381706666,29.60617571871275
49.837218738376464,52.50428925154715
-22.759266185789905,-29.829990447236433
-32.099562062504155,-38.02622666173959
33.48752210672538,39.3855919809416
-35.86148484347759,-50.426427028348684
35.8708755357161,36.55882335465387
25.411038414416108,30.87107304449788
21.60599954877289,34.84868721829765
37.288971603493884,49.53466842531846
-33.72256663633525,-26.416049524032477
-57.29500445491704,-40.726596089066724
38.46945029470474,17.647839310500263
-15.706105702557867,-50.13091446790969
-28.84543903690765,-19.34326563225635
-5.46923551781682,-40.83413807169465
28.902256632790085,19.534444262795496
-21.87210621994988,-22.151340560909844
-11.375379455305117,-23.647177413918538
-33.411254388225714,-32.181239966775664
22.044735376945486,19.57037923718377
4.7665862654188045,19.202140044703945
23.863800130158047,18.050171370026924
-31.867961428452567,-26.869389890660358
25.672419085718712,49.72835530968622
21.5220528888324,38.04640825739109
-36.938650862055795,-53.40444830223362
41.60594444480326,44.122368690803775
17.085077775073824,10.412683804176783
-31.3174631384827,-59.57287389455679
-40.658242894828476,-18.177499301232878
-10.489920177839368,-28.623713467740178
25.88778540252673,26.245406774146023
36.19928269700677,37.46914447744257
42.046875850635146,20.223693292295962
17.226677882061384,44.772937488277186
-12.073130762091182,-46.32987936984888
-20.315845430945167,-23.18298221182
-50.95780315086702,-25.92601572748035
-37.13089995275035,-32.661875594616184
34.37275000604472,24.28970582079963
-41.976647452448134,-31.045288267817348
51.78574079443714,51.54561473333776
20.421932695953764,21.35469763175217
41.55341604030655,35.366581857512564
-27.89324769295643,-23.147037598817292
29.775972516387352,7.391060712687717
-5.337315402765427,-44.378702608051675
-7.767333294375625,-46.6047505845547
13.807552277096852,33.488547107311604
-26.035571656016486,-27.915604055301827
-25.76944501411316,-41.02231833986666
-33.22706824434254,-43.26565435346895
-28.715546770907398,-43.40425638794291
11.455734227793762,22.060014479770583
10.137902949285817,19.235773375571238
23.72574977424041,54.1835693528154
-19.21333874250211,-55.93541206240665
-20.82826490983205,-26.600686320126904
-28.685745325682287,-57.717251908391034
47.05611515053124,31.038715309588856
-30.968506963403,-50.573910902166794
22.033376283720497,27.744477777809557
25.033003325221515,49.388706426096036
-44.191671703956565,-9.29941069942825
-46.117583392550195,-28.12702930944291
-20.431162339624212,-53.288828229284256
-7.172501359823606,-20.767899214465796
-8.332843577456302,-24.549232354471673
18.694912213843594,11.980135337594195
5.041657570990626,40.4474429750564
10.598006326693056,11.041739719316423
11.486145362800613,28.471210824882622
12.569165273271802,7.683796325418407
41.33427479866009,18.5788394207758
-41.07207009330485,-13.459580936395195
-20.98881466814602,-13.426163950205964
-23.64955510585893,-36.87325528133932
50.08888039749508,13.033171891472929
50.597230388565514,10.379970227949665
18.18440228459448,38.40020619346797
30.4024827321973,20.668809839473287
28.32935361426046,47.754755452565654
-52.31099925790193,-12.262987090940218
-53.882108930377186,-41.92226008131346
-39.491946114934564,-41.41329421716178
6.564252621188843,25.979232162059393
-27.00997958809994,-25.79893804347217
-26.865624196413318,-31.61111543192745
15.358460808948465,40.114025708116436
22.286372126773124,23.46294979071285
-36.76546722396977,-21.95418273810529
-26.077665740919052,-17.349650148005267
39.69933828272456,48.164411323240884
33.13556006628552,27.53703326118235
-7.212758735934068,-28.425916491769513
-40.89011670248872,-42.54470023374021
42.6553865127125,36.72662144980721
-36.73552854057669,-6.5690109619339765
-49.5971549056113,-26.172259736716953
18.151701396713253,45.53083562283866
31.478939491693183,45.1341917450455
45.66391462449722,10.73419108070263
-57.00976609907123,-41.36995688283914
7.238356891741656,12.146851352819116
16.980554586115414,16.16244904261367
-22.977771440013534,-31.062470519599017
-26.07756270273261,-29.23059025239956
26.878617763951727,10.336789083315411
33.18792335044479,32.79973572582287
12.482811984024492,17.372970856609328
52.09521236173345,15.987584098554873
-39.79407883237359,-55.61323394659016
-42.329324222419466,-25.317850235391226
-50.05609080623499,-41.176385993722526
-47.92151252522317,-44.33660206072535
-24.69444039549759,-53.743689128879616
-26.03671588215177,-20.59706662960537
43.67231202196257,41.49073669547742
-52.2023862182098,-45.691365572269156
41.251132304586356,28.066518483167425
-25.269122869293213,-39.94277420031402
41.24979680991912,24.394783567463
17.63630179430271,17.577066535581846
-47.44636122286289,-28.078864408113994
23.243056041838997,34.025600536325854
-42.95880347998384,-28.9676300583983
-12.01060749119017,-26.192211740323227
41.97309432740204,25.74834241207609
34.804442267296785,16.91457750923345
19.224706270679423,31.484663797966483
25.85079991235689,58.56661531836665
-13.502769081749758,-29.18438923593904
-15.085681611785487,-16.561999915083522
26.29920964258453,33.54566495080277
33.45394224809305,4.993326196444919
31.812091078132067,43.831540402223865
-25.778341555936684,-59.509006945691574
-4.9958787862048695,-20.860154018528455
39.991350507039606,28.883297234388642
12.9161255953039,14.933299813386665
-17.472868698858598,-10.037812013232456
-54.449083673868884,-29.56338813625848
-29.665320220217648,-24.893283595897135
19.490725918477143,43.88268736992365
-8.082317354519265,-40.485429472572974
21.23709353032121,10.214638786790758
-54.357552000340135,-36.14783844400422
-30.911943123490897,-52.516492790994384
24.903530047964228,49.17971848977865
-43.31420781369011,-16.316731653157134
-32.361278910878305,-17.018420293726596
52.29278770918768,37.59935944296527
-36.68616562820106,-32.22089617198777
-38.55801688648341,-44.248004869237015
26.695628284032175,15.55803019167194
-36.18498363833687,-52.599327075276356
32.555409754311576,24.627680722933842
-29.8123273843386,-36.86784913405994
-32.55157260082919,-26.16273090058137
-38.342794639140635,-24.931096768068947
29.085129324158768,56.84922887061906
55.21881291152397,29.835015895151876
-8.104428129359004,-16.554913142073868
3.682417894948252,33.827288393763105
-26.77427246021205,-18.848585456932106
-21.55238973732625,-37.16309087293382
31.46448895900195,36.46182699373674
-14.982305019412355,-17.474628260885407
-13.490188908134284,-40.1711320228136
10.490538789341826,25.37972031001122
-38.56319606431112,-5.792927799441693
3.14511853737168,35.22581576031064
-41.11722846536081,-31.707145818455647
-57.374022355034136,-24.43229898721417
-41.26717703584079,-50.26299401001897
14.339731771277686,13.638795558080892
-58.959424076383826,-26.62195131659243
24.800683841961888,25.385924060470547
21.570148885987958,20.099927843850647
39.10002934537404,18.59076672656218
33.93877519091332,57.59492853895221
-53.386768543866644,-45.40071250046674
17.17514065910047,14.978114802993364
-36.310572368419365,-9.585509417675716
30.956306788958287,17.219080815145322
-22.718552093086,-58.218601904520426
34.64257798949258,29.0605972106616
15.442427597775989,37.804136193691356
30.490359170857296,30.482310098835693
39.708116963778046,15.626636394693385
-32.63504213474235,-40.702592338593284
31.365061205964604,55.353392663687465
14.777111158189895,45.34537291528199
35.95193644136879,42.4513671378469
18.377006328751463,40.76544748680183
41.4863027296917,25.829443250663964
2.9629860847303817,19.457332696278463
-39.58791504813003,-20.316885825778066
8.185829825029426,41.892165236272895
35.8393791854286,18.57035203593721
-50.052889689118565,-34.61530031275229
-55.3989874986773,-29.246969797992055
45.49453623780953,55.13380213877389
34.01874128653556,15.651685342163637
-55.89244571601553,-16.349320756181463
-35.51941476120701,-8.060460071168492
-29.01026717380391,-34.58999014741434
44.2833066225672,36.017057880715186
-16.723470765194115,-17.107638282125368
29.13518509521749,30.232016312615443
20.99736624329156,19.012776886359124
51.27318861897933,40.62500031236654
46.8573093389,30.805815796544763
34.15699887626492,45.089118372081955
35.394397596374475,22.361277586351086
16.215802310902042,21.448538358521176
10.30010900453766,21.804954335298945
30.89646830619716,31.43818323306169
-55.31324126347728,-22.621159768964446
43.078031170093524,9.23873228131567
-42.254022924006186,-50.51886907088995
47.19564813203246,14.736071243713525
-32.376137019894124,-20.737862233639344
23.956401950775927,16.858442655851682
-36.17754832349274,-53.73186605895742
38.47990704359046,20.91666174651757
-51.91155205449554,-15.95485029598535
17.861219386195355,28.417953829688763
-47.342428093587856,-25.40458443221973
-35.95859363769832,-17.818390080608346
27.219632092829794,31.687657373752337
32.54858135925297,17.952643055775184
-42.15532957693307,-22.75223348803877
34.75417876544156,54.37623480164176
21.73486194591148,19.42322885473008
-33.66384088168796,-16.11962660836614
-3.194351644454547,-35.89702160457868
40.12345346980432,10.240472568517204
40.058213372227094,47.91933694666264
27.98980286388257,49.08432570320339
39.37206894627696,37.60264718504489
-6.415118834626362,-33.64620277141589
-30.724686377601238,-39.44317816673134
-15.679408507316074,-31.971478324891425
-30.905739810575923,-37.14996096587685
53.771408196858005,16.58159036925775
-10.514563919956373,-11.832747133800723
-18.562053439072162,-27.440854952022548
27.02353385882803,54.560553762716715
18.172858453336886,54.862615252661506
-25.42953840339694,-8.754782001764639
-28.734625514082985,-25.74292291164707
35.40233220635117,57.40988759376131
18.93296940390441,15.688561290796109
-44.757525883241385,-45.53523334068082
28.22952318581886,2.345795283760058
17.238371796250206,25.71476831570285
50.83021981972693,28.994260100387805
-57.03561685874973,-31.558855341249714
8.929249601808039,15.012004679919341
-23.68917096292693,-32.128701882034576
-58.84216884464135,-32.32768400959723
-19.511277190491878,-45.98570324319663
-30.637877830036768,-38.02375266356735
32.8460197346275,50.312584953296785
44.23658967599052,6.6441311672535335
-41.46543789939301,-11.46683810906761
44.63112291108328,48.973900669379816
47.892730482336944,36.370406448754565
-7.4684748209845395,-13.891013895782775
-22.560575860249664,-26.482548884962288
35.33012402006956,45.815341682246974
21.706686854282154,12.556334227170884
50.313582772621814,13.348641809208765
-21.841609833026357,-58.44154883340993
4.5844559577296025,19.06445579332937
24.36224580763929,41.11758730895463
9.718553082821336,33.07007923939331
12.879573544503348,18.594454551335023
-46.566127463387154,-7.810088817059692
-6.961044097849765,-23.663341050131358
23.402057882887288,23.536539770390004
-14.741895402788705,-24.16665493200402
-38.53378533008421,-45.225880596710844
-50.653369988771416,-36.49087737040125
34.005274205254715,50.462519252271434
23.43760310182909,59.25215979586702
-21.098556944029365,-36.045702809080986
15.907498391442866,30.025533481478085
-46.41421945285516,-35.688565868290645
-53.340483577506866,-26.391610303092218
18.91656507194779,35.187477620979195
-29.080683619142604,-4.545976450244289
-24.77545888155223,-38.284932951000854
16.612735172931313,12.653210152865094
24.98921843403257,18.269729826161253
-24.377966734860674,-28.49373640369707
10.894242659714102,41.84818996263612
-30.055350361159736,-36.703699739324605
29.745886102116433,19.44542729716123
5.55955831608471,23.966282420883733
29.600393681435822,45.72843642356726
-41.254781910918375,-25.70178801169053
-36.95019062822463,-45.87230450630887
-42.20743772921698,-34.420073905584125
22.170991015352502,26.462567238037423
9.806816139967461,41.110103423256135
-36.319314377983716,-4.503432815566492
40.91736133418287,5.485954453480237
49.172823806572076,12.649481291725705
-57.418094739187794,-22.6897178531218
-23.406567785095,-32.85274875995327
-38.11465418603152,-46.768726110933294
31.694469523399224,54.235329297418545
49.25265800757704,16.738598474477698
-19.603112999375046,-35.458225654336225
11.445790107962596,14.685203384634027
57.36789574533888,39.24041617937311
-20.20207384253833,-19.412959450705067
-47.797961662440024,-11.507223330388875
44.147838150343865,30.00372669097101
45.30638623425018,33.380502151214216
18.47361737588372,58.003834066544115
28.32136339685923,53.22445015139135
-32.434079199364184,-25.89273158999306
-8.783188371142575,-41.994068547949865
6.494367837675212,19.334963367192
27.027485878817323,3.237489926707596
-25.24258458418305,-7.364202225918425
12.14018709639737,35.0253996349167
-36.80800059574569,-39.350707234557525
4.008044146389331,26.704400275478438
53.7700135979735,18.291958111429086
-51.69984594312646,-16.65606071928813
-12.906730965562256,-49.04475575987763
17.005418212186697,46.35189513321333
-33.87364879118496,-28.45806468806987
-18.344926316672364,-39.51369735802143
-35.62725180691939,-23.944591121413804
50.730605175340045,39.202513180169866
-20.000135580287093,-44.18199586980649
32.30056598089696,13.289309828524068
34.911880470354944,36.23335763124665
-25.600943413753818,-55.48960605376979
11.993476225052246,24.188947674415328
38.202193215577395,45.34143183902529
-43.216480683645095,-45.669162984926345
20.34523504537839,7.158699975275745
-4.2716568746745684,-24.722367647242237
10.894126380901508,21.465796452625508
30.001044538120052,53.83157036588749
-18.06040015831989,-39.423343802220785
-32.070482069851764,-34.657776872189125
15.841795159226615,13.693066540459617
-36.37593236460999,-32.35915395870206
34.65056639403031,5.8147710177990986
-26.83447465783061,-18.296584143726374
56.58422579626994,38.62458286213139
12.189880602878592,46.91103869568066
32.35298127439571,46.4883602735416
-7.456505360375228,-13.378775530684555
-30.125407081699038,-14.969686815579527
23.09258966175759,13.734286185326154
-42.225259387812635,-22.48083364224988
27.044464290612964,32.777508651966116
-4.835632496832184,-42.948957954575526
25.199866608915077,25.928574584290647
-34.68856890797811,-29.90024464897977
15.94805697970185,51.67161298792279
-17.437018970886214,-12.095976207879882
-37.06189359132215,-27.68511242914671
55.88063965829667,17.504216105887114
-52.82510058027052,-17.589416014635653
-13.936195091674874,-16.572528204200196
50.007400694851206,30.1709158766998
-45.37585842090249,-43.26328562005172
24.07978075720584,17.301931517479044
-25.245387602174443,-42.940188690370796
-38.957295461754434,-36.14353134733296
27.623283000612826,21.143886600535275
-28.94419762827503,-16.991979099559902
-26.308908445413948,-27.120548121957906
23.67786188885457,17.097283159482206
-19.89336350322177,-2.612905447373379
-39.23797178524535,-56.34812872395071
14.712065914777734,29.29518969325655
-46.49835693136093,-10.82206814585707
27.927436980548748,58.615666597755926
48.534842917773105,28.235901866140466
26.93392467304783,27.11754936376441
41.43587961995433,46.1562243075208
-30.171691236311222,-55.82099035055835
44.91800587507765,40.989009108646734
-30.887819925638393,-24.9956376845883
42.46571766225832,30.21459575149386
34.265374197250274,43.096308744484936
-32.36215000891346,-48.872671437837255
43.0669000923603,52.02106307120818
40.190084566048725,35.842370752303204
-41.73470515153596,-22.212821025092936
53.48459453323332,34.715246341996234
-21.23009248690725,-48.31491245346253
45.06327743142215,51.62583449741988
55.794193289991036,31.42607413665891
-39.28467390979953,-33.038019621766445
32.27807838929549,41.6766040028202
-36.881262979034645,-47.95560028556199
-21.333215133179,-20.874034313253585
-19.33059355390423,-27.426702466095467
42.10600605168783,42.905640007889104
9.966152970245288,34.62574252727822
-34.71269552718402,-16.881945446290292
27.322388495294124,36.28292200708603
41.29211856567274,17.181188581605348
-31.043140001250663,-1.0894975162051461
-41.46419708386465,-28.08832682188961
27.275079247665925,35.21167888423328
19.05068683048813,39.44772990646965
23.88705048311805,41.857920492653214
-26.400450297050124,-9.720305449358232
-46.51348936385615,-51.24702468445676
24.477370440998893,47.71487382385848
-50.69270777450248,-22.177407468822594
42.016179951752854,50.30874561221072
-45.83907797955811,-31.1454901119705
-26.26142238006775,-42.33421256349371
22.83817969555005,39.27179899748398
55.81529071656951,21.188101964614887
-36.409437373509576,-35.93421861783472
-18.950981541422237,-33.702558304291145
10.096409401932776,14.036163625722045
25.50273896830589,17.36869812869856
-5.81233774647119,-36.341563788512225
-48.0684115260938,-32.454803473838766
40.01724957978765,36.527567897042935
-52.33087933527337,-42.08197146923771
28.83098456379133,4.216125864669522
20.41478870237036,38.037016984608776
-49.1900702329139,-38.26198371335431
-2.798548619249207,-24.576450959538906
45.73921382869477,31.64418642604785
22.6354869931765,20.23522439252436
-21.957287020820516,-45.91531740102032
29.007941570771923,36.852957996943424
-38.977097416786826,-23.505983245039353
52.816599654601745,41.25222440575698
-34.05868571260555,-5.7901918042537694
16.455317026985075,47.23012037570357
30.77195817220344,27.470182790492462
30.061467639684693,43.49883548226841
-11.79931440261419,-31.89143445103748
27.89843856140404,19.7004389955889
-35.222062380874966,-47.1087128204842
36.89069843087139,41.446447789683496
-27.116724099437622,-18.838424545247108
35.208255811009394,2.9421720616995413
-37.2913450351475,-18.496979449270093
-8.716579740501711,-42.36033795132723
-8.016489275442918,-40.39776421499578
-46.56420646382844,-55.350644226721876
21.227775605963792,30.833990466740406
43.87554770471837,17.496699366346927
-29.27655972816511,-21.556172080510088
-5.505329536464178,-25.60188496929615
22.568475992078493,39.97331050168988
51.051547410563565,35.72511522392904
50.023470624019865,18.733094960637818
46.252264334067725,18.157313703898907
-20.609190984952047,-10.385337648270609
-34.281001276870974,-5.057337631039623
-27.758077670882894,-41.97679085794428
-51.4901847202209,-14.952675079955402
-23.458242764937864,-15.500277982702913
34.578179908337056,18.31977000414021
-38.35057347681589,-11.09282223499692
-44.98157207622366,-44.72668108165134
31.87758979303908,14.201155952649154
-14.161546609373152,-38.131162145560076
-19.64130668317111,-31.737872436143952
-40.60723633083168,-3.853494749651219
-24.42388491008788,-28.011679867666363
-47.325742393761956,-21.828357622274154
-48.94578518151993,-18.107730959767725
47.36877354550707,33.529445292103226
-25.211128009619145,-36.12135859175727
-14.400483224562619,-18.696129493481983
28.415888835165525,21.67406375337059
49.45196255195685,24.672690697324104
7.5486887543499455,14.148673208099533
-42.06536450845615,-10.666436888565249
30.860397013688555,10.831779719331882
-15.919195664713627,-16.04745003554565
14.558813461514422,49.578951906529475
-30.454021596762466,-48.5726253259864
13.611677667682835,45.02915572001084
15.839323994855551,28.07918918277943
-33.086141613585504,-7.134866962062618
55.75448129511743,30.35318565398601
18.18054403421208,24.99726183704684
30.370473255802803,43.03888259778033
16.468973760194025,29.355613814367658
-50.08643884673622,-37.70339065790808
-52.527679756428306,-35.62634749703525
27.135763078864194,7.880639233307285
52.54485901320011,28.7912058292416
15.287298579605364,25.76785224882125
-4.267855837594143,-38.03569700235035
-20.520280701222568,-36.57366860268247
-35.464062505998136,-19.94370334721443
-16.881981727626187,-40.317269922383296
17.569150620390868,45.05704594711199
24.07939748159364,32.58786355956139
-24.687653488345852,-34.83488649994004
-18.833838622504015,-20.249073267728697
41.9084341269884,7.0899777828536665
-21.87404802058508,-23.627298753511308
-27.631623814591226,-40.46729994776013
-16.584141008014562,-8.502069779262062
-42.44103986136608,-27.167520070797874
-7.549152118608184,-39.1154307155486
22.79747397834181,27.34055376182998
20.710646238837754,25.311589568254227
-13.925186695308295,-36.19003977616439
24.920674877427267,31.65597790869516
48.7058796102144,18.13568924537154
-39.748050054087464,-36.719173875414405
-24.049108088961862,-3.791906289843002
18.848763463922992,29.767902465876784
32.33681002443282,37.24858489556683
13.878643720479404,9.649492358570768
26.12241309127528,49.59832656520363
-14.346722485181315,-34.941057709263106
-14.875115282965226,-34.354868278479216
-51.33633888849854,-20.498355026487427
-31.32016674299139,-40.271417668463286
48.027693694319325,46.93700783236149
-49.856182159598596,-23.789226931466604
11.608020270656958,35.08013504783505
22.57599557467999,44.45160208746898
