-34.536091333245444,-78.70494151921429
-47.164369525793546,-3.8368529780085296
22.977292184121247,15.952014991360123
51.98798104744643,37.99144066074317
-48.964855373059706,-45.8471246229615
-35.94563390228855,-42.528648491926475
-32.83626638172714,-36.86585884787041
2.6916918422559704,-33.17087354315317
24.34149970659547,10.555040546281855
45.616201781790615,36.13395445502964
-19.137187345831705,33.99226885854833
10.0247122120225,43.75776662818722
18.53561330877021,27.354486468124055
-15.677358687543165,-32.23283977948884
-4.672028687240402,-55.7671180155083
32.531192052965196,10.092869985019732
-4.631547531310275,-54.154420260409175
-38.380931627020324,-34.08477535571226
24.812847873164277,39.94320392942859
-4.293837050419,29.95604076930949
40.12186381043303,79.33233735107194
22.228564735286394,38.94382351534226
22.133915534490193,57.24343121457905
-43.785862852293214,-16.721533879536388
-22.987125529853635,8.466195016494936
54.12139913296846,16.27854937198907
-49.43013963213181,-42.397790182992935
-22.1296014486124,-10.38716860649117
-46.92656275726879,-6.382389020913553
43.070346491101816,37.61115978883048
-9.98737182922509,-26.069189076105765
-29.980400252873668,-21.932195997873823
-5.790250661967274,-35.620232069393765
15.097872473036846,8.450557353209774
31.924509128560178,26.196018614563094
6.6769870696569775,7.2498618730002065
-52.53272360976176,-12.638520930786687
17.53685508325089,45.804066965958526
15.694759249159683,4.784967347357856
47.9425085728421,40.33205635789638
36.86277461755147,2.964844128483371
33.398658661172746,40.103815042466145
-25.761690874699628,-44.07144784315961
10.503916467830933,-50.839418712457224
27.411572691748304,45.39368738903896
-50.4153329756803,-42.52106077445893
42.05326386525526,31.08379183625015
35.42592737399933,42.045891150789245
-35.46672305332832,-6.963201196264119
38.366022213085515,71.68500424406108
-4.417134895831161,10.102066329877914
4.241113776142129,-49.243560379291594
-15.248520405977608,-29.112293500573827
26.479155253618462,-2.9666685443225873
-67.11328278224327,-10.798735492342242
7.571661037823162,4.494553882612699
20.46654653821734,47.453338666090715
33.27971774841717,23.12654644571481
-33.063392260656876,-29.968915402714416
-8.037507072672973,-41.342977430242556
-41.68515318030404,-20.13314105969905
-49.83692162516577,-58.700844917695534
62.74240540200198,2.460622347223204
35.836951768753124,15.080052471786555
-34.132969802092816,-17.408397633676337
0.6048397026060073,28.49019961366744
17.94799487101057,3.2070881561340983
-45.1996015654988,-31.799580288617484
16.1598199025553,13.852869930676736
21.73079758796272,33.069643726671885
14.308421379522631,-0.5677887059415596
10.97276516974803,45.085332189928415
11.89796030156947,-15.506887841736685
-24.376045678311858,-55.644266148678504
43.33877513512096,37.81568594699206
-17.624863621253006,-8.747681633875906
43.3124181875467,32.30346984382896
-5.06418287657684,-46.5976795024136
-41.49642461601498,-14.017521062431422
38.13064803873228,0.9944691021684022
-31.550108639992605,-23.64952048505642
-25.932776450838105,-28.797203940722465
-0.7709476402625342,-8.643856716250454
10.901066738153688,-23.468310753173917
-34.254095110825574,-34.349417931807395
27.697925744345838,38.40525416290662
-17.348273395983682,-43.608346334320444
34.689964616196086,36.88313373262211
-59.89636257443678,-20.664210185891896
-26.316502554653418,-40.10724151646092
-61.33167801934205,7.809377482159732
-40.49814309474945,9.216232240049074
-65.39364571797316,-4.820470234911486
12.773673572114653,11.064741091951142
-32.12730508036398,-48.0791440200083
-49.44236202973023,-44.902761493441716
42.926555105929495,12.096680995810825
48.66155653751987,32.195728141511594
43.98014821140789,53.94787332250097
29.321629568243555,27.008055236139505
-50.64132636449095,-30.77580581260394
-20.302500748969393,-39.31992290047854
21.7305453117406,47.80181106549453
50.03765877887929,26.79162209066889
-44.82441338927744,-12.131958766407621
24.761368674481048,10.805375675358569
41.50014454759972,35.09975848205438
7.69723434581897,-32.91018271326586
11.117825895194983,41.28681208999826
-77.35828916528129,-44.77021780715897
27.226795210477817,28.827836115364875
60.309412807978816,3.800516389289214
9.98225351123697,61.91126857642199
-20.39242663957905,-28.569143677663153
-20.85531435941879,-49.0056050726087
-5.369272760829638,-36.850177051518415
-41.25534233653422,-54.73025019995705
32.53231959748757,27.087162442767344
1.8004638866451437,-24.82258295685648
-2.9358768390923444,30.40045410895001
28.359397904742092,42.74771100238816
-18.97952410411137,-32.10102899838632
-48.50473871356283,-27.3695577001863
-55.30204145586215,-11.347157023192036
13.43563135611296,47.18055842593198
-51.052347254653085,-37.323648892542465
42.65746716728415,11.805310514549959
38.45970157744317,35.57259242764175
-37.42867135824381,-45.04820900188367
-15.879335444770506,-12.290754114522507
13.01074574840672,49.69604972372409
52.89104435241594,55.89917205504558
-50.20171091873669,-28.71703239469334
37.46789192129738,52.60253465289004
-41.52753125730551,-35.08119716176844
-52.53500498281199,-12.915885428760404
-54.68188644009527,-22.778162574743284
20.02879057385016,47.32603183433476
16.43245236648172,30.423772588095602
11.994752948745479,110.81106833587728
29.046863734668953,46.58059500406564
-61.67296967758695,-16.192643065789532
-18.01584857818447,-38.48339922855151
-2.519540879229048,-42.947424044048674
-39.42502584587099,-11.557540839461996
-2.1279045418333453,-43.7332653055186
-26.81108140246536,-41.86559027564896
36.298867012170646,48.342499702584036
-23.70194903983931,-22.229588231856738
-49.54384595461436,-27.39081402774785
-64.79821157398399,-27.861264964127173
-66.82041955859654,-16.141743159616603
29.228174240587858,-3.1624423023094366
-52.88718360547066,-56.721451331081695
-18.6672969821978,-40.926356618952866
31.9532852422221,55.866099556116566
35.113377623431035,12.946943441405438
-30.75818466316178,-29.177373472679
43.51894002643688,37.22072942856149
-33.36900122891085,-25.454221518256112
-5.870177530774399,-74.7498667136407
-26.676598738965623,-41.720858900029484
59.52871369134101,25.579001885342226
18.758000493949133,19.847782702745253
48.23272336787721,34.00609679950417
-15.817618881883895,-65.80678527313486
53.05426497776979,47.989576158526376
54.84465951080346,-21.816371790042872
45.632525296682,25.91287564562134
-29.140105693429433,-49.34467582801
-67.97931258479201,-34.28720240047448
36.619259436508614,39.93401420940195
12.690008696088075,27.944808987962052
-8.577686912562292,-9.133449926796512
22.417072768615167,37.91641128235391
-21.178006866804104,-51.24436060900815
16.958676252299025,37.271804160872534
-57.695969861981865,-29.16552981362407
3.1658604610041863,-34.49733535893755
-13.919420870713047,-52.05329155739004
-18.02867234960617,-3.062577703561587
-50.81709503143689,-18.558220169981908
45.08791014622601,38.68151480913991
-55.71485684861971,23.892654536650483
-12.10982424357286,-26.105919921765405
20.565181262525233,55.210634830017284
64.19810013173083,5.445272361668465
46.932934289328614,14.494738224221265
24.153815231145952,47.09703058779236
-7.024745673478307,-41.738940607411394
36.80336133460869,38.26887442211939
0.2695533594104873,-2.3361651326967134
44.53788811749605,25.308044970842946
29.426017564612422,39.86678814712486
37.806638873728545,32.07448565949853
-60.750073148430126,-25.71103408007327
47.28128137871094,14.01583888119751
37.46492029884192,23.811233338281212
-49.56743626685767,-45.94340619484892
27.270727143469877,36.50730407319863
-13.038921868843694,-25.85909901642888
-11.40417828664743,-24.413178589600967
34.70836844416766,32.337015225732635
-19.610625438399374,-14.004167561524461
17.17720343818261,38.12213450030623
1.7908039880072906,27.16710863318718
1.3017734462779806,2.6980704398883333
18.873005200646737,48.96452164040487
-25.45392044228485,-40.247442772925886
-15.394548039020266,-19.2549582896854
-17.93841658827683,-48.36362176784414
39.572588582441014,31.89284247160141
-47.159931178155475,-4.92511901723697
-24.53625533041658,-13.772307724995343
-28.906792756291818,-2.606700936572075
39.54344582701977,4.773379949869543
7.505165673459743,38.484774423122516
-22.984427467623302,-8.105007691996327
10.875713202871765,9.810245596251598
25.072347896438487,25.85028966857352
23.84705866004574,26.92519804930312
-8.045352819561103,-66.72981150605007
-34.33742438603257,-44.52238827381408
-30.67601049487022,-49.91783256911344
-34.57958069371134,-1.1822011594207638
32.25055926118135,40.06376408784976
20.864030647041425,30.103253147699323
-28.689617359871193,-3.046541690184135
48.29451422832062,45.03130878521732
-49.32058350458114,-56.67659109806622
-12.593125911722076,36.889209843319875
26.788708223904948,58.2165203613651
-51.89526330388509,-22.030052739006305
15.98502163705577,4.434224282599434
5.866797014853535,42.664918659464476
26.465979757796685,5.076629821756352
14.162151712960394,3.6869976093536714
-58.16792912848071,-19.173197525404923
-30.412957650232933,0.33016536869084234
-54.937971124376645,19.17763881106349
-33.58602303249184,-47.36510022305046
14.464741260430444,2.9480411683378946
49.67531420066988,11.943858907636855
-60.399558618903384,-25.112977675140264
5.576531474256129,74.7339237640233
40.84333153328602,9.484310669006316
23.547323690435952,47.53158591614532
-10.517883842086086,-39.22201874685135
24.619452896693257,5.038837875902374
-22.152533038915564,-10.102031091060212
12.401782793162152,10.730741658651851
50.03699648936257,27.73897115746917
-22.89716996720247,-15.6572821559618
-26.001467332961333,-45.92839155040576
66.84725348433496,18.66967477211437
11.31963393833956,2.6858345427021177
-35.28590878025138,-9.430927552188741
42.079454903659666,11.136701558294057
66.13218340238033,30.28002073136643
13.941256026623567,14.714942082017206
-44.93061527452077,-20.81109443948327
-44.687617500480926,-38.35153017946841
-21.422876529663938,-54.289235456119414
16.569317080570013,28.35555211938901
20.81293331024321,13.05650958739821
16.46929326270128,29.31530532003679
11.082369455782764,58.68283452375216
42.131858406348165,40.55917662454375
-43.47474408958776,-4.205398392673704
-25.33421639216676,-35.567644742106566
-33.231303726328115,-39.347914410812066
63.13150336083984,-1.9707938125131754
-23.48393904142511,-27.027276829987358
-37.07660604245913,-31.94393231906905
-10.221750128894296,-14.910850284121928
-26.536015526785352,-17.342116859875105
-7.802293060587942,12.573551673464312
-30.9744083063494,-37.65435127044717
-25.482125608453856,-39.1116108014242
36.0530152449493,47.87336949372133
-85.82130598668805,-9.11680555074581
2.112990409469198,-52.10969163576845
-33.919308792518805,-19.621933747772633
-1.4736249909761767,65.63052229612859
-31.222572848209317,-33.9816827458045
14.713320168267362,46.52651545744228
-32.758102728484715,-27.024596250093513
-2.398284920975982,-2.082874839779983
-29.361226488326366,-37.74078844380072
29.110264542895717,57.266648662502526
14.229644177867849,27.050949017566477
-8.027890393684267,11.169671938319194
43.257213004559596,58.762995636095546
-24.79643605683289,-41.61573241900169
-0.9168635492957158,-9.319660585366933
-49.23306096116207,12.819661986927791
33.78975235257525,37.14192703272988
38.33219079127798,0.23097467281415263
-46.1460553767036,-39.20744647783427
31.867122745167148,30.98309148108231
27.28160692994767,12.64229516762892
-27.348702657211376,-1.5121906416038229
-56.34094200286037,-24.116374051815615
-44.768624199138074,-33.575645766885444
-29.258150074498197,-38.11089030927205
55.669003581373175,71.3256622101021
2.0794631036414586,76.91668871288938
27.1469539674612,19.63263941298611
-38.253558692103795,-59.095607459909374
40.2833755428495,27.618072928092047
-32.245471104112006,-26.225452106163807
-33.917702601702764,-46.80823235381753
37.83493073492486,52.98815930112406
4.610187821225942,21.807573071227313
-23.981962866618034,-23.753198049903496
-3.659577292494774,35.414814117785426
0.7551067732788468,-30.60349091100641
53.04739062570401,47.95569260137531
36.11601573667024,0.8321189904485706
16.67206944761098,37.48280248013557
-42.641028662353044,-35.66870994008834
-16.150119527788235,-31.9730585882921
27.909822713241063,37.96015794945852
-13.942636889821575,-8.45239986675416
38.542928216526164,37.85951325940774
33.85683277932767,27.37318119350276
-32.66100141067567,-39.03637334736747
-17.875521002134356,-65.85539398038453
23.495941698718184,29.79032850321498
-8.113092894794235,-38.95756260521409
-24.653229868005027,-8.63665986904521
18.638810623367835,5.8824039843936795
-23.561136706503724,-69.34176005490937
45.18657159879855,10.401068933543574
-28.12718099143171,-4.9320907983965085
-50.51884389315749,-56.29808690686664
-11.81815834479498,-2.5738951603365194
-38.4899896514162,-36.58040289144575
64.95325047176036,35.81590560337393
54.00058594561289,16.04739321793203
-50.61527310406805,-34.876934889636374
-27.738435222669143,-23.136526180313126
-25.30077605583206,-31.908611951002793
23.665936852324663,52.362093895712576
13.894484216475163,-20.690882958766416
39.767659916121154,58.910097638164615
-40.00223115901874,-57.42306208486487
27.944546838102767,37.12972070246916
-19.390720642727963,-21.130106422641813
10.631756290322198,8.539357150857377
57.232239116400706,56.524362222648186
17.586350640161783,-9.335428915587606
47.37435136815138,24.722782732525296
32.41008796562476,18.491533549547693
26.140865199710774,14.070599364296061
-40.3683929346298,-0.7278067534858152
-57.19952617136463,-42.61729090706315
15.134515820967172,50.417589202354485
-29.69812244023434,-45.3595412788145
12.503603525429728,50.92396243294657
22.186353913011345,32.00938842315511
-5.798800392890719,-27.466627201041106
-38.15791458504347,4.84827225505466
-38.5873511673276,-8.238273648236255
-37.00783916402647,-28.12386105847043
15.069496361568547,73.39666087639961
30.061167310928276,56.233161221003826
-37.83749843379596,-25.35329203224029
11.717250013341797,33.19303432686802
-24.331302532768877,-51.04654148313616
38.552174438907755,63.359506775796945
-31.097915297307054,-10.592144017031938
22.752239786348486,44.64185108351734
-2.9465366394596444,-51.795481104157474
29.714535927362988,47.9107458284226
-57.836188509446494,-81.5130764883763
27.457134601458307,29.603979971649323
-65.83612033883435,-48.75121025407378
-23.235408474998152,-48.05949932926544
25.78714492246319,40.217182808544095
-28.506630205168708,-43.891579481828906
-11.701093944572293,-4.146697438798739
-0.3070153046071269,2.80183448753138
10.548890951423633,42.0965293665596
47.48552157340585,26.688116628620907
-34.051965733805815,-37.68842898015963
29.94179210247829,2.9353634170613105
-19.769829648909944,-49.22214489286442
21.84387712141058,11.57340708239547
-5.358682317354212,-44.453789485446364
35.35989930383667,40.82125982909706
26.008765176477194,-8.220674858732664
-23.381581453653858,-27.358226587036178
15.324843547045411,28.611231314503666
-4.762127380245346,-19.463786336352758
17.600177519101635,45.85049916094742
-49.21050425952619,-59.07028565848165
-56.46527150161127,-21.81114463134017
-21.832229868603747,-65.00086881176614
-1.6410330227921897,-36.10633440612799
-8.507442419111051,-27.759359434932318
50.377410025357925,53.24462142407513
-61.366483752499896,-40.2270278813741
-18.24303057797715,-36.00670846849972
6.4868701231433405,-22.845311937284933
-23.82037949160703,-24.258459398124234
27.86543221921322,49.875958580330405
-50.57899226139281,-16.459683095229153
57.89302314063215,31.48081738480219
32.12135521457484,40.5275152430325
21.587559106825402,33.852050836970065
32.91912866728079,36.81976138593682
-45.039271457869106,0.8066450526505164
-28.773968570359802,-46.30441568912755
48.61234273328118,-11.218867847087296
-39.625573670423144,-27.554396869605764
-9.839466878101248,-31.832563684484292
-34.65658664034002,-24.672662676464732
56.40787427206669,18.127076192046676
25.43089884973835,42.26483112415177
10.578387243286535,38.86534952971235
-29.905815682517932,-52.5368753907952
-19.817622795548587,-46.301414633536695
-58.23746256356992,13.088435690533217
-30.48724044573627,-22.387989863042996
20.120925712417737,18.85684089117708
21.247506049274797,34.946968573372125
42.84252281283139,42.35662320085434
-18.797820594145307,-18.292777750280063
-9.135688264513817,-20.387450356111344
-2.9093460425634206,-62.884868360463614
-24.18774611519105,-7.269039105091565
60.8105373040852,53.25594296047818
15.904536531092814,32.10690200980819
58.21447033554898,34.29258997953134
34.8075473263473,54.75568787377
32.46064523457834,6.113958939418794
15.488086548645327,-24.907724086560627
-16.60740976706073,3.5841571253759454
42.12203191448524,61.594972533854865
-51.82843708823154,-48.87106670158768
-9.009921600775456,8.90428128089858
-51.894718327903306,7.906256740558447
43.080003492729816,20.314011471545165
30.29186962744648,9.635577318090256
28.528055647761246,26.561389331546422
-34.67702279176818,-30.588090699439164
78.71496806476188,68.39348232481201
13.926006450098726,26.257368813346872
-39.67475859719995,-33.988132875985656
42.46205277148636,-7.487036544366802
-13.901310433988296,-45.17457083120122
7.083097616721975,23.324474732708573
-29.437913673084363,-32.9456601703526
-33.26655364870029,-52.917175980661305
41.194245941157305,21.19511813923064
-31.80100958304054,-73.66237598993207
27.309865352988215,24.171481663218298
27.607422542612426,-36.80891939656225
-35.84515622436561,-70.71675632865595
42.866925448700464,14.84202406339276
-56.68592143307353,-24.608357698219372
-47.854249104461886,-18.454037203447754
2.284801318294029,-27.10372772510844
-55.08564325803219,-34.861633372018595
-52.18943981042189,-39.16925471436731
-31.91003072006195,-39.951079448964094
-36.25318463284027,-30.100755708620973
-25.008380399491497,-60.200830449666064
6.117789562220466,43.661504365427476
26.663676080470204,34.86734010351164
14.526986457690544,24.1984501302238
29.24726352965861,51.18862718365989
-25.474554640207117,-42.24121177128791
50.34419619605086,37.45787731907933
-22.0509426399997,-40.47572997996786
-42.049390226383395,-17.87188629458781
-33.445058150991436,-42.86870382101053
33.42918795671307,34.29386598878234
47.72483343462498,42.455022319360054
30.60060720391397,44.371163394934655
-17.794196792549258,-46.69322518708597
48.35583767634255,-5.149823507738468
-26.487066527531432,-37.05818070826599
23.389147678415213,29.530689916408253
15.260773955947812,6.908731283544114
-12.483676446965472,-23.611153185062783
16.516445946464945,-2.363009824357121
20.104556936763892,34.2727302249113
-30.704362298020126,-48.99882222677016
1.2613222973134022,15.361034873373685
19.078425479361727,43.667824422710225
16.657468202806484,29.90952274023238
-30.895400711298574,-33.34370957663252
-42.726547774483755,-21.064879345967864
-43.400387563414625,-8.870507950247944
-61.14473402771746,-43.557664118409235
-81.6773067752397,1.8277650758340371
27.46131193932098,-1.7944494534706408
14.753148542154044,-5.4607606641060045
-16.959724422221512,-51.35902650080551
51.29578021108136,23.078766394269945
30.343435612729646,29.40265186929668
33.54013805755008,50.53224094469026
-13.714731489872324,-38.22666253965019
20.57627149838535,42.612334360184434
-44.08997161007258,-13.650712734692178
17.156917411577574,17.838396615715194
-37.421360828415686,-31.01018693058395
36.08116668414574,-3.054387120768034
38.154140305433046,7.217006505904422
-29.736618627956428,-79.52926908564726
-9.691113336296734,-54.82981610406662
14.805729444064577,15.324755856937102
5.035127881918079,79.67717528672594
5.055535921536844,-30.045665054577302
59.52017855434261,2.1089026753662523
-45.21668435032151,-77.53972277627122
-43.47133109650312,10.797401365133148
-19.443302861374484,-52.446020698869816
73.43503111352379,66.64616282450838
24.986526510157248,42.56144329018842
24.930373048266606,16.09745405014249
-25.648890305784384,-23.05908615010238
49.727450517824536,27.82360601197009
-7.51532190011277,-48.801293810961454
-45.58778325720422,-26.005407511337015
-33.7730977521133,-18.74237272441119
-60.8103136296167,-43.16127429213623
-37.84930018885739,-31.52352710367866
30.45153942906663,39.49778938968571
-35.75292857605561,-3.667556914546406
-20.53616425407977,-12.359670669208711
41.4908418873479,52.77034557360472
-47.50031717882034,5.613461300870803
9.046245280834263,32.617331570272405
-28.534829713332684,-6.161951423588228
-28.82786600232734,-33.24142500033655
-38.13870195436408,-53.08851030663135
17.1889200187657,28.404594605244558
51.137636251818364,23.458057541786076
-32.7012773222744,-17.34677148642715
24.189587528054787,16.58870242242773
-40.22773856038013,-43.82037012638436
33.81502862045697,33.87231949926572
35.605668668191576,23.70791515363002
47.94547108766429,36.52165823029585
-16.06333925644151,-7.040516878423212
9.48930310895257,45.91407566501874
30.838635903295415,16.69759446462386
-42.06970344706533,-18.024854964916894
65.22921003410912,43.61689739621049
20.140056009643594,18.73171399170173
-33.96571853275482,-55.7829598510082
-22.567872224263887,-38.777698440249594
-0.8412604749983679,8.770282602173335
-33.56196306895655,-45.41690329373219
45.28029078812518,-2.376232958333226
17.341123616441003,7.874872885405566
17.47379614085031,-0.6987329167692202
-21.866164638666234,-37.084476413005895
2.6755324731369186,31.63154485705875
-48.81979981903951,-35.45299374258756
-30.445583654163524,-53.63353365627914
34.48310985285945,31.78305829368295
-45.93274198404665,-33.283445457185195
28.846012079268778,39.8759917725188
-44.319304715795056,-49.72926429928803
8.267075843332314,26.931250964895128
-54.86138056669016,-4.905850135488997
43.716190145587554,32.95751282938744
46.865273996899575,12.159910545183614
-63.643473162204444,-3.249958321391002
23.492996673221477,1.271112483735351
-17.674437565717074,-9.589469379576773
-9.589653340790832,-39.69052752788091
20.094489123102605,34.79478771858771
-40.31239395570956,-37.002231379679095
-30.035971988848953,-49.550244966496294
37.06748683395946,23.299748055218274
35.2048508913166,25.382299431807702
52.41936847838347,3.2147978019442576
-36.6313696487766,-15.354843516693116
-51.4523444616093,-17.535513312459226
-58.75066296513158,-40.887371057533315
-23.36088895578948,-22.752640618511634
-39.11636747739755,-24.627049384548105
-19.738751346152032,-9.1239339788958
34.87554020522346,9.06755575211577
14.080022367218731,6.631383643164213
-24.090445233962427,-49.77420064194828
46.64732320081957,40.204049342204996
35.97639123552429,39.97282101059239
-41.39794377484291,-62.9470635915279
-18.341108360715168,-15.42280319691354
-11.572164612798698,-39.063650669120626
41.34375003146538,11.63387124555345
-15.745219749012547,-12.619069247682138
29.82994145196192,-9.953915040548637
17.852634417435898,29.597342727156878
25.056137861460748,32.32611558672488
-34.75607707931135,-47.67290012037333
54.54332630820541,5.414999794774165
-44.85071395874279,-11.807027649294472
-30.362213380729845,-7.5250669514966475
11.299820440643163,55.40773429844717
-72.19272457526577,-28.18394669861958
5.041828163573747,46.7992783556237
-24.426497778607406,-26.062744163066455
42.77796087711415,36.959611566617625
-53.40172809610033,-34.82238201095883
40.27804636760919,-0.44477570816547285
13.75111397400254,33.307662622065294
-13.600303328192847,-23.224526620045047
45.65616054617349,-9.305977442638294
-47.02685229739771,-44.283406246326116
-33.204096881872154,-34.55010846552606
25.698284233439246,35.31818399897115
25.68150928684532,11.089055643769182
-17.536948760881092,-41.681796202893004
-52.237725416618304,-4.738370043570399
14.662617984734432,69.24013648328528
61.191720583699336,23.512514183717023
-12.050186232125128,-30.408310806591246
-64.16149636656978,-36.53063882699773
-17.092518803248414,2.917179863562076
61.811483930514,-3.97706003986422
45.86978280922263,62.69738365420451
-82.11767808237576,-34.13147491249193
-29.367443977791748,-65.22463227893734
-26.929402593698235,-57.81830814971178
34.828310136618256,45.16593500136135
-41.101239998853686,-2.766305284181179
40.06484275673231,36.73552513211769
-26.317074717067175,-36.21001158279317
-26.956506748615293,-50.30433113921641
-22.69924344118559,-29.152329802020734
-6.467432077727153,0.7286271780147757
-16.805509125917517,3.9963105900188367
21.817080701011434,6.964430680853116
-42.526835967262016,-55.59755657785876
76.82837146217868,15.536245882366565
21.109487360545096,55.58764238881642
40.50369788426618,-10.768404975578065
23.88705614957878,-0.3161482531027424
-64.10331793221269,-39.97650124603316
33.02664990582957,18.779540866588302
-26.99752496482911,-29.64022684552682
-36.19140879660041,-31.970665350589005
-40.81829602528626,-38.38165781929305
4.579596502268508,-35.1225054767312
27.54787687678432,16.59557846986926
-17.47218211961814,-59.75774901342113
45.826955168150896,49.844397216934
46.12249606735237,20.629075685146148
2.8909781578017686,-38.54662752740745
-16.845215818455735,-33.263025604292245
50.77574205480528,33.07796959178099
-54.17480696079571,-72.91617512497746
27.250043521921263,43.00689549364368
-30.319377924372084,-41.365647890210546
-45.839866782881174,-17.479663975910153
-61.54756137626064,-22.092183843999948
-34.56124532348347,-25.35985404300594
27.580380633869396,40.9279600341018
19.13080380420902,37.385682297574405
-23.126631614380845,-41.20582869070006
-11.854370811809424,-10.420312011389498
17.43202481928045,62.1413518418896
-15.086207723544716,-21.016166557609516
-3.5575981557128458,27.748955555569275
32.87141847785115,22.58094623615784
36.07850487543129,42.91399190014066
-45.72327692708711,-42.34347590806773
-19.139626707197834,-5.861920335420553
41.84304661043348,17.837927476569966
2.038717367872266,-82.99767685632976
-47.63011238468418,-25.18171257006718
9.47339555712713,40.33733589259084
-5.285740419722018,-45.968440642577484
25.58021333549397,78.82204189260436
-46.94041699155608,-57.1243357801261
20.8399992039158,34.15742059336916
73.02275469934841,38.6950383397198
28.627537307938304,-42.88867252412048
-23.208349317474237,-39.90791023530893
-34.40093569720491,-36.96480912699902
-30.508370586518808,-40.84377533405446
-44.404487061950455,-30.47330344936413
-31.074760583089507,-44.31251579943961
-37.62895093968538,-5.452678334711116
-32.230272397382485,-62.16401661107918
-3.608849765798322,4.249162997677217
35.53405213788227,21.128881036846487
21.028947109641706,53.61090478781852
7.679478461962081,57.111707789193694
-1.0126941090516262,-55.89560148235302
-62.736094099754666,-35.462137660368384
-6.928015110269147,-50.42448861849127
14.353628511708905,54.01341707762429
25.62086295570105,-3.7187794390462585
40.25542376921625,-4.14684794960899
-23.831147131077813,-72.1710025085746
47.84378549440824,35.81759713557417
-41.240479288079925,-13.308582747645715
-11.984741334843129,-30.328776848209724
-48.57969087053158,-29.31956257298642
-34.396733904899996,-46.39370043604392
36.484452511694336,38.75371789775828
38.373580466261565,31.22475173878912
-17.22070582219457,-32.913868828838915
25.193195324587315,37.48698628505774
-24.077791015217628,-22.194556859408717
20.34918193449051,27.61331734699326
40.708769138230686,31.336386491107227
39.58128053995216,33.35148300610865
-20.115583807072877,-22.663739365194637
50.24476059691458,7.591339822249317
-7.7891689764898615,48.1592200293426
-18.315540020584272,-25.002702075072513
5.56909871821793,14.408626412299942
42.84137129180846,29.236194362373954
-19.87126130287909,-60.773404893773986
-14.472748106441781,-34.61720476804172
-23.8071883246209,-34.24416056733077
20.26841404709213,-50.51249799157608
29.172517528109676,-25.099675156399385
48.9569411435947,2.548493316016142
19.894873667909106,38.965546069180384
-30.6912447106762,-41.8433231885467
-68.37516554583516,-57.32994340407504
30.91388804223643,21.66926766033794
27.744497608218957,44.514310955692004
-22.769867480362436,-55.903021426208014
32.266269215048915,36.60862318838901
-36.81395176485977,12.322468114034912
25.107598300839285,16.520529355343854
-3.040990719318863,-57.41162307311234
23.877746473020274,44.35641741630189
-16.49142651851468,8.701242776488144
-38.52294085900461,-14.20170533033473
-2.8079907187885027,-1.598487371864067
-61.084727041646936,-50.77752605260724
-36.25839533957552,-17.445849353486444
41.35125100170437,16.596277446574636
20.9188732947878,9.636050676755094
-38.65504146523006,-35.228034525723125
22.894925678350894,0.8515199586671862
32.42296019291101,10.214696675964198
26.792768517438606,20.675755171192545
-30.5560331120942,-30.101375326433153
-17.439423262082745,-43.282229664374476
-29.492644882228486,-28.523977932306405
45.05055967001965,40.576552414143734
-11.29708736383774,-55.960597814206956
19.072713210821554,16.307220651444013
-21.018862014911214,-44.87365238881188
-35.97349292354405,-28.519800217890413
-38.03042223575777,-35.10472863494023
63.49596178840486,55.933408869857175
-69.82549908093938,-12.425333664680032
51.07812224788659,24.36834338232501
-6.686138198908743,32.68384123487161
52.766736498124494,36.573778503804284
18.077270592047125,17.5421274336177
-19.532509788060683,-3.4458096000447647
-15.583015297122806,27.32209186313831
9.989491033921468,13.20868546046739
-16.06711863963228,-42.42092079528329
-18.414163429163082,-22.04726805697084
-33.063578888351195,13.651198814422749
-15.320101545621966,59.31203169579152
-80.49215042216053,-14.700712310406391
34.021821109966126,21.365642143318375
-35.281334117788795,1.6752213027311385
44.66543844837386,15.817945388317455
-47.908612050108374,-46.254707291525015
5.682207945249598,44.4563961295438
44.76984091422538,11.32907444550587
35.595766154497845,48.50953469632701
35.26539541758891,34.94086016313059
64.99690609214062,1.6799298140649377
12.496176817529701,-51.82840856991958
59.97331496247285,50.215935755892865
-38.40550930398195,-17.654276801244723
-40.360861192708036,-26.288874920495143
92.22028296819545,34.33608301466211
0.00636362152495451,-41.53643346681901
-64.89079610769375,-35.430730216274576
26.423912631403667,47.01027050751935
25.215096251232307,-1.0896685504162988
-36.92474209015812,-51.622565294976496
41.69788352420173,13.090422389475357
-45.918746454076185,-38.95453454302659
31.008422917011252,15.719974973789776
25.99834072062831,26.877832051830374
32.7176504561022,37.56322196246682
-49.04897189389747,-79.78573186851378
18.50007513982146,18.816987823044446
28.53822822662163,31.12224043718268
20.62857742781995,-9.92452263305718
-17.386688268623768,-25.630113330123045
32.89530229406191,37.25700478274953
25.43716805913482,32.51534809920904
23.867794347225143,58.503275466154506
6.854321288167235,19.532990581553133
-11.635437198030186,-67.83381077085218
67.50892446698691,43.78149910300431
-57.703708606198035,14.421968619914878
-29.013067597116265,-1.6436787922748195
-3.5120136911214033,23.825539004017834
-73.08791208167895,-33.85077463049471
-63.665690227106424,-5.449055254129664
66.6802470616977,6.04262922855041
8.799064167383204,35.19478488393897
19.101037002053687,10.8563489972287
-50.64872193179281,-27.01074205541639
0.6389227475331865,-9.822075371094051
40.738367386667555,25.94826740682249
21.086798226836624,47.186768217292496
-0.38164450621013657,-14.394754220771585
-42.466286862141885,-44.96305523916169
31.983430637070306,25.875703503958857
-24.923807725204625,-15.955944653981613
48.500246333073875,3.0803164077888496
-55.752737246341354,-26.653992322423825
48.8856893826092,69.20045394180688
-44.0177400665216,-40.9339935544164
8.892915484164657,33.308399311789955
70.26626018414609,57.13022197509211
-34.569533552037,-19.026832255943226
-30.890759069613143,6.455417405050781
10.396731679579439,-41.489171569503995
-50.94669429732562,-38.834041990393544
24.280685392541265,13.399041236993103
27.086546768273806,44.36704823668769
25.395846204491683,45.87198601298848
-24.89200100560639,-25.87741318521778
-21.85698105108697,-36.89019925559441
-20.661751990121807,-32.91601046393619
17.54080400824212,40.68859156586956
-48.10600702028077,-47.36923926556338
49.737257212947554,4.497578470640864
-20.061570011318075,-19.485720444836538
61.54600334170828,50.000274155448
-49.68130353369911,-21.354714700745774
21.49142230689044,20.750821363356206
-52.49078220487853,-49.609602762682016
-39.28663758018689,-35.76168887983032
31.393428216825146,42.77491343434291
46.88954514715752,22.21625695284173
-7.9378876573787025,-5.149082144583446
-10.720448136619787,-38.650085312567086
54.57578804555572,19.768945352367226
-17.80284982803729,-10.231064487764666
41.87347235524139,41.33733085131672
-25.491194055104245,-39.258361275021784
17.520737934046817,38.58513299517318
-41.250299110684296,-27.54383835112468
71.70471258494388,9.279297777425981
-3.3751293400663798,20.032994196765845
8.904209997092973,31.51284717358189
-7.029673769919693,34.2929339712022
-23.81466386156714,-78.71913213282218
-34.3156602168198,-2.4517317190983334
-50.79196537408512,-26.214348118720633
54.865449041397085,-6.099243538808345
68.12023342463567,13.118223499696068
-13.661038294768144,-19.396415461518405
28.004534764534178,17.655930298796427
28.20318546211533,8.397628491486802
25.42860041805403,40.561997195080565
-11.872105982773615,8.690240856816601
-22.739119024684193,-33.746582874150306
-73.69540132789722,-53.444705243776866
40.26295626113131,45.82143285465306
27.18121575261902,0.4878811602401143
13.971375323970548,31.85402999029663
-7.724970071352068,10.27377218020192
38.39778165186424,25.220823660427378
-51.887669137713374,-23.625851019610216
-29.81416289027253,-46.28708181963
-51.76958337059226,-12.385003911821766
26.91882371785318,-46.4070957260156
-21.032471244842228,-28.761617243947683
-24.213676555075384,-29.556906999901887
-26.002191819994277,-7.39093380410867
-5.005142033984683,12.415328657747757
-30.180961359653864,-34.75005677460804
64.45794272992086,32.01698368010218
43.753951367584335,5.067712818754927
34.43990836960167,43.84610612114512
-15.015113469421768,-13.542130418114894
-27.309496873564477,-68.7359704084489
-18.825120788110873,-34.07403101126949
-47.82070010612671,-4.5316539180725925
-17.885212339905152,-22.91521397268884
-25.65758227829754,-17.300864034556632
42.61494573839835,42.342920273165234
21.37134663494026,17.10397574453719
74.69579395002867,26.400947030138546
33.096984621177306,-5.759540658188456
4.818310719161289,-7.194625094478475
35.38492939898236,51.461679718165165
-18.804154964808035,-35.00274211780629
7.918901838407528,-33.16085247436
-10.636330583428965,-29.205884102966372
33.45749513287317,49.877386040870235
20.9492298077153,8.381330143167656
50.53268179762946,28.030942492766957
23.32774243793594,53.68328361610813
-33.399262927380555,-23.853588490509786
-35.01618211633691,-54.76195080071059
2.7763820640422274,35.54772375102605
-16.01301937263134,-39.804729396050945
-9.371887968072684,-53.513022734396856
19.110221440966914,25.469095250630566
38.27136476621075,36.44176232036
45.533469437670945,4.826699866812785
40.35828014168955,8.142537638287312
-5.309293201313274,-2.7307673596810247
-30.225173229815834,-11.974889842525435
-35.745540120101744,-7.6187007207986035
14.891264064009262,46.99091563961346
31.007582467141354,0.6256382132546605
-33.06767115752726,-22.313077803181987
59.78932551786815,42.92851343665814
23.615852438394654,36.54394271944239
35.00173760402464,34.683381374602554
-41.06566602709202,-36.54468442662206
-36.886303698480944,-39.11665698940851
12.19829495033326,10.778809859391714
26.75804967011389,-1.5709055848454128
16.718525088574978,-32.99331731044022
-3.5919393950063565,34.43894636912984
21.558260511017103,43.46134088911593
-38.942008229792535,-14.449987415368568
41.65558056922838,16.429485393249273
-43.93801272979846,-27.389962913704572
-34.686315051173224,-51.29054997893519
12.583998348496696,44.51485308159589
-42.51919717727119,-27.71674421360723
-30.554683639118142,-13.523760623930809
41.493042785032074,49.69221839176671
-60.52447952184957,-35.412897630323094
-43.82227146430509,-30.598036986016382
-19.26516780408477,-47.24086309886329
43.04235348904146,27.803943249116987
-23.211144375856165,-22.576213090897035
-40.15135986898041,-17.37594976500162
-28.96246126347547,-25.81817869662388
49.49492153742952,59.79118326984493
-49.364182000381746,-30.848254317496636
32.21352204386717,38.61455669666095
-44.05412987366517,-61.627987398735016
-23.758250351008208,-31.613304654821768
59.60812397427852,45.931443431709035
-39.553827616590084,-16.85648968693901
-19.938219526633628,-40.06541123488408
3.901980853308565,59.62122181816544
41.09308336354341,64.87858958097634
-81.15884074628255,-28.97010665747276
49.744433237118365,7.737846796501259
33.18069907990936,48.40731223228312
-38.09969856115399,-25.024704826195077
44.141919928843016,37.89214136656864
-28.330222408406513,-47.143176658636875
41.43424023143745,20.767551383505875
-25.763105036931904,7.915994070374133
40.66904637753154,9.909746238472739
13.169426855594978,10.540063898990624
-38.03150503374982,-19.64521736960144
38.64155353843784,5.7861230766720055
40.27915682557637,47.825184109246166
-32.17927508855955,-29.453090764581543
26.98805448359406,32.38364598003086
-20.357014405557553,-7.104706652376599
33.64641958484043,40.631106918879865
28.28464353141927,-24.642643281474307
-31.500725468687374,-42.849314719961825
-68.77317631498047,-62.083539557380604
-24.218064846926588,-5.064395880456804
65.3545785944359,23.706937473299412
-18.029415969095947,-57.66437159770199
-0.5624348213406272,-31.937235347093345
42.41984127424611,25.456069382688277
22.024048960085807,37.97857933578579
-39.706202024823924,-52.778864873108816
-45.19921134800904,-42.05880093188248
-21.589750267608302,4.42011542008008
-15.070871759638324,-4.501102509225248
-72.24662928203875,-53.10478761998762
24.183283286008233,25.43858656364514
-47.57954222495814,-10.697029315018707
-29.524421300623676,-54.59978498941304
37.21575440088038,19.435254808896133
32.512947563185065,38.48854631781593
17.568092025732128,41.537764517508826
-28.10077915149763,-34.34294423955471
41.4054843270174,42.52486133221908
14.497469342553202,3.041103239342597
-24.200908791390198,-39.62794951943591
-22.584572809851192,-49.41742606810323
-13.054157762211354,36.040608204102085
-29.7978486480536,10.110107990992738
-60.30205478356435,-41.29440593597735
-16.770211689351132,-30.150206138083714
25.040939588510604,57.990921962025055
-12.64354547713236,-67.4888959185314
50.41417649963127,33.04005148557367
13.907959752564668,52.337765789594776
-28.402889741232077,-31.25486257066218
-19.3807045556253,28.935427460947622
-43.19408159544384,-26.300805545463138
11.671050723288833,10.981605829935784
-27.98965478084309,-43.44613281943757
-45.02839048608708,-16.8604909402454
-16.34147222075351,-28.396457686019392
-63.30205265964716,-17.62687740152488
-9.577689717556439,-8.088436847074895
24.898438624913254,-4.67324922808465
34.990472118043876,12.326640358305298
-36.32837043258955,-59.46795729373527
50.90371872842703,70.87998893840413
-51.12620140987387,3.698372013148159
16.33378411376807,-8.999160712425926
20.076222295359784,11.250919499203768
2.475839999623666,29.878690569187004
51.65128190528644,89.77486737302226
57.9811648389244,0.2737851929139765
-31.986888995580276,-54.084846309718586
-17.27012779824928,-33.797400996031236
-14.72862529139894,-53.2267385487911
34.51175508581374,30.66951914678029
-33.17198075725133,-18.50836117992606
-52.7978939009995,-37.01310305809049
43.21039033808687,14.022623210690766
45.99185640863753,26.832454750026628
-12.816452076949815,-50.961108249672506
-21.147817343212022,-49.82410933108787
-13.504986851658934,-25.244799787163146
-48.17722010719108,-25.659368292460517
48.03095671821322,21.787518455409778
-2.8426992109284512,17.440158934363897
-59.428643911223375,-36.06851085130171
-15.267709973648582,-38.38831789771724
-35.84875220821735,-26.65967729225002
-42.707753939310145,-38.57996593055336
-13.839171530967707,-11.800478857636705
1.9991166184144227,65.6849645697229
-21.598334698143915,-38.2933913039453
19.706716231354573,31.36897467327289
-64.59151160382224,-21.590706711887496
12.913576723950097,45.45214251369637
21.984910586517763,32.71364276148132
6.94072348845242,14.42253136747997
55.0467941486093,37.12735206498529
35.85502670741258,26.418422687990393
34.49009578708386,8.195594588726873
-27.369409222639888,-71.70970751087842
35.98358204278471,37.14521219675028
29.46549075125468,-0.24492833698335303
18.832298278654527,-38.244206359141344
30.295951828802778,-43.964157098245174
-43.40139178143043,2.003068367420397
-34.94731092736635,-45.85922554737326
-66.73110552387803,-54.5963465920653
-31.680823558567393,-16.795952220404796
-25.07021548612278,-8.919986934655725
45.007592183130015,29.099952669334513
17.62396847523228,26.15584767626702
28.84654997920995,48.3832317193675
40.02729884709558,52.625927619430655
14.808304537905318,-0.2149754932575476
-57.363732488917535,-12.263275711638613
38.62348413377225,8.113139526942852
-60.20809969900356,-40.93184558455473
42.78115064724866,40.797493880406705
-42.42043798275481,-7.72864539277527
-23.320541273476636,-43.726429968265805
-31.470719875608644,-9.49063336624722
-43.169448904538086,-57.273614292561675
33.486181687012376,29.79024542171768
-6.265923875720937,-14.447095595521322
65.89546704076005,42.614738613429815
53.594272685839144,12.813335573910805
45.44687921620455,27.252425675382586
12.525279907791006,22.238580119805377
-68.7274846305356,-33.19665372380658
30.871864120595195,31.579813823423645
31.93075816650635,0.8426679665181247
2.23197589565509,-19.407284609497847
53.92371412949713,34.12039004282332
20.26313850703193,67.1918154522342
-28.350775707352668,-61.93892028993238
35.63301728088859,-6.642745617820836
-17.67305898810801,64.35072788599886
18.18339228257305,60.52452540698362
-52.59980523129285,-33.01002664861287
-2.288897431354762,60.29533761798432
2.6443720870528473,1.5399836802311064
41.54117554967458,42.34650272108523
-56.63385828858101,-8.269791167369235
-46.4047944277922,18.359277497313244
-5.195679397505984,64.61128294822123
-0.19402597679748723,-39.603079642716565
37.12567863292567,34.768345400754455
20.72041591915464,-41.800689328715066
-41.955117711289276,-29.59506783742841
-23.21569386553841,-35.87007052753696
-13.182788362007326,20.445111010268917
-28.06689343905207,-43.840650992436196
-20.915359720720573,-22.515100571417175
-32.998902778198406,-39.991070991354825
59.083226682670045,28.127097978301837
47.964591620699494,39.8411880613649
-9.502804279263238,-41.770746131151846
-17.720042632559377,-28.156763957624385
43.67422963198659,33.78609879545577
12.331823049521589,-12.247500901486688
73.77261665537536,-18.927749674084815
64.9194707983872,57.631576854802375
-25.129502544691547,-19.176005789938166
17.453855340046207,60.43972744413453
-11.647065818242446,-52.760123448293804
33.81273269294735,56.2476048736096
-26.31445718022941,21.89646859844396
-12.634037817182087,-53.9132126705823
24.18768149188914,9.201614918146316
-45.00503264016831,-37.93888472524895
4.283351480232007,-36.28201422686765
-39.34960735642605,-22.598342500010155
-2.2798545992941968,-17.02593871635181
38.19959821081027,22.976168037152128
-25.53060462673973,-8.778896714205654
47.50493661687305,37.46954961339166
-8.070268935114115,13.220431153451798
-55.512725577829166,-42.984646414915076
71.12063460000851,31.67123652158939
-20.410439073795526,-8.940640938368638
-8.88804117544339,-19.539497721518558
48.376478696197495,26.457037680830627
5.188175283922362,-37.0516596704117
-12.261648063537109,52.10546061301106
-0.9075507441201793,-4.072129562828771
28.927633607753016,21.09148019227449
34.58935746261495,27.86449394952017
-57.318849169356575,-10.873949243780462
41.941772452833305,37.24476981346058
49.88064415321254,3.532840328176391
12.624527142008642,52.64451954470613
36.305796160404896,1.3307232553299144
46.013579121523705,8.606188282632118
-18.807267097529294,-1.2048236123005687
-34.34771143242936,-21.744740435200946
43.05913887679141,6.214463941083089
-64.21604116563901,-23.547416367178435
29.593665585543587,40.44285323771259
-26.356809721331047,52.2367267993626
-34.809676204428506,-35.29787054600736
-31.867776020623133,-49.27201583612776
-38.525342286589606,-32.27706405005299
60.34580455870876,85.16781290065975
-37.659681198806105,-20.09784377790462
-50.189250626621714,-13.947023232472603
-55.826591212883066,-53.536179125072685
-40.837264382375395,-44.71996444785813
-33.63714924504648,-73.10849092400542
-37.774673669135964,-41.60727627886621
24.244530548170573,51.717542956337645
-37.960318133308185,-45.68072238839712
34.25151641244175,21.113039710233476
18.204138958659517,24.500091860101794
-32.58502493129409,4.508342613972054
51.07742219786922,39.27657582416885
12.534363672455072,-1.6024058115886248
55.98373463747511,12.532417050987377
-61.718703980340486,-44.04674325788495
64.4214253915903,2.895232940489958
-6.209773328502383,-39.90707870594241
-23.373653487672243,-22.135335027729592
6.945691355113034,26.785207933635622
42.835116195604925,53.26250062015096
-24.051332060995318,-23.66503694253123
-50.339756533124365,-3.5798700343905523
-68.15032045168219,-70.64784609733344
41.52470797481003,19.838803950249606
59.47190697098799,35.67413961321476
44.946374193175714,28.770348856585553
-36.97553319870927,-33.15069601407475
38.97405502543398,53.6237235796567
-51.368390631607525,-14.958321332152764
-42.51554641554336,-66.19481356053359
39.98860924533188,45.12968423004057
48.31000551605628,23.54326018797579
25.83339365538161,15.059897192060447
13.466106093485234,46.88930874678677
27.533775365237027,49.50569526197518
-10.953829756105591,-21.079702068622797
-16.430208920408006,37.95057286303808
-41.45616959089057,-27.798870317028165
-51.233201331167955,-47.03469947443199
23.99559637495162,37.6723086295069
40.79153544266859,14.563098410956304
-61.678452709076915,-23.121451953482424
3.3595037498246896,20.95128172856484
-64.20129040034794,7.40644141583595
-17.22682101660184,-35.21451645060576
21.044308118992316,48.71174340554958
-25.04189238875985,-28.975813572165265
-36.764742657078024,-12.74625752381333
46.372892261198565,60.22626437597542
33.17538437245133,26.85320470968233
-44.512057173975556,-34.10991181108886
-24.012136596836793,-25.65442689973679
38.54557504121602,44.056898065588236
5.31669359732739,39.428454895641764
-34.30760054472984,-11.851548400475838
-34.27032735430382,-19.283269192044934
-21.161944374043998,-19.70586429242937
-61.28454332134612,-46.465947740023
-15.946970267781095,-37.16291485264651
18.188780849190238,-4.130298571189563
-47.074015436891486,-25.34010307534205
7.962748264021357,-16.111657844700098
10.195103012029755,2.0565762823752998
31.363800298328904,24.53549961399191
-16.766669134717418,6.964895705157808
48.0613634442933,55.97019601443486
46.83909537320261,45.72475627246814
-37.07767646315685,-28.14364766733437
26.2130785733574,28.785448122015055
-19.90368236538865,-27.837188879678298
-36.485554607329654,-48.86306414511003
44.744335110418746,-7.44504224765852
45.27612037430204,9.466348818161766
-36.28815689418004,-38.99674119150707
-32.8129962007735,-23.835969100260495
-21.147769990571838,25.442031845879754
56.86821936871842,34.45709501799582
39.54438352353888,18.18868773005698
20.21072363658579,46.46136468423782
-15.4338810815773,-7.51429843779972
38.441510367498665,48.76017775235745
14.164019530594238,-17.72458513872256
-22.227166768257348,-5.989904594873792
34.73841869193566,10.146519639749542
8.4613846435979,-17.091552592082493
-4.361100499241033,11.49680258677207
-1.875648343162183,-1.3525807587747742
26.970998992289047,29.0587871816564
-70.02536891639124,-51.32949923553582
31.707886696162976,62.526964480143825
-31.66028291433895,-14.440033016692892
23.730107277389045,96.0678480855585
-2.683322416279232,-26.654534896415907
-39.39770631193982,-32.87110106799892
67.86258724737272,1.4387433889888541
52.977615346993446,45.69263604732736
58.494673832557204,29.41051395448132
-47.79245329772222,-32.28278601855326
38.44882038301501,24.476527908843735
47.33788493630128,11.109229200573242
-34.523105753216356,-11.650490874732029
-4.222099523016844,32.545627381038884
-43.88673004933496,-24.179022813567705
-38.640390980497145,-10.561105939189773
-49.23496514477843,-65.14873896610194
3.3110618141346215,90.6628785928819
-21.253631774217183,-36.0186301799417
26.61023803075336,59.429084844468534
17.390179540243462,27.014340945755038
-43.90403521745891,3.9673927757346235
9.82697060908923,14.360649053884538
39.805237119709204,10.728696122692355
-46.72540415007553,-26.550363664281463
46.95596707225275,60.29206825510957
-46.54497528319829,-24.3177331868644
-18.1398155874942,-38.29554498641611
27.61277361307976,-2.5982388170738346
-52.57934927703947,-42.750651650425624
10.383764504774671,22.886142013757667
-38.46936156966552,5.668543986427707
-12.514219171499,-21.323741597936923
6.703028968795351,41.57872250036647
-32.11779683725339,-67.87795606430936
35.03644468457542,20.613821624440426
-50.86543329775843,23.214028888701023
-15.734682349009361,66.84773688623292
23.635979998634962,28.217135441416744
42.681258487666575,-14.619783007212
-5.373860941426226,-32.63727989714729
84.36131935268055,56.49543799581633
-18.363563154422934,2.3324352960742942
-8.402214464651166,-19.893702258511443
42.75261780155062,38.78883400064059
-29.367303972530237,-35.54285559530489
-54.97125730186285,-32.935738719951615
63.68083755971787,36.45105977666279
64.88978871542221,13.323189475146187
26.430081469580223,34.68672955900875
-24.547781298369777,-40.39393008596588
-33.94715026687707,-1.851984603336554
30.771249186662114,21.06309791646451
38.9954788604496,28.1649916588393
31.91798153251596,62.42765825810539
-25.816491453954136,-32.57630352046226
41.854025435247905,-3.09545025096169
-28.177943397771227,-49.05041083282322
-49.62927904520882,-44.3267209056863
-9.002600700847083,-21.728916066705963
-44.07684983098246,-33.68819883614609
33.0943084399586,41.09353597851103
-42.882955532977796,-44.23972116311512
5.276110589901894,-0.5661676761208057
43.001247022236825,-5.3387013527393705
59.82779333094446,46.042690169978634
45.33624333094832,45.896820068711804
-25.610346162495933,-15.146657801107581
53.085462059293846,49.104440516581974
20.61051699447969,0.5582222626206637
6.650462944407735,-17.110646247686315
40.306679483450594,27.32812407513233
3.190543471000286,36.24251573303964
44.1564717879952,7.071207390690596
10.283343150960842,46.29121478360847
22.39374309672037,42.318673952559166
8.00851039129622,-5.686720998914172
-47.986083303179434,-32.94644184769674
-44.14236058777084,-47.16471288224615
-36.94168316981431,-8.338852107324449
-4.890524710437546,19.483001545699846
34.62444513937514,1.3728127263520093
-21.824298784357293,-5.1086060208953725
19.233126912348446,-2.3570600527308088
39.19739256367464,7.035956999234362
-20.105475628858578,-6.939769890048325
31.420969889013623,46.96127720366269
-17.7522260010428,-14.956700617307686
31.016505445995914,31.15712659028071
-13.13339161277906,-8.056258949766516
-28.154117320158264,-17.91230776020365
-52.73233783265022,-23.442628867180726
6.984198620418699,53.45743133419428
-8.057540375448959,-48.736965065357914
15.52733140897423,31.186917512105936
18.480839421884568,69.87227714619212
-28.334035184310107,1.8365875914678682
-75.2916844212247,-5.264667126978022
-54.44612245656497,-50.113795133719535
55.72590149120858,27.034415367971945
-27.209231258403406,-23.41812919500206
35.10474046260283,17.731188563326974
-0.19505974201811327,-18.594137695094016
-29.016449578857195,-11.447415499365725
-28.6541256945031,-5.526737705595757
25.603671588856564,19.968534783149508
27.369251598680567,10.237276343404794
-1.4547689868958926,-31.813382412322248
-29.15634445311076,-41.265645052013774
44.807334125407394,22.375481224514566
-2.300970290183983,43.71149646424972
56.466537511615186,46.552790555919074
42.3991545571689,24.20262650457481
-10.26596432515852,10.843094471257071
-40.253210052944134,-48.199019877244204
0.050760790927100174,-45.72345628156205
-3.9237744563826027,11.668783007441569
-7.030395841476871,-67.20917432924819
-6.922970891112271,55.301876694457505
8.419263389440218,11.090009692005886
-41.16583378462074,-32.355302649553934
57.37432185621032,23.673624476669932
24.735506734553123,5.556925201526827
-29.61126640956456,-18.190410432798366
-8.186024826489486,-19.427272930707783
58.55782585272526,43.96985570928418
31.668795670780582,40.25955112525819
29.702583281192563,49.58209214551849
-34.24299879554746,-33.13985295656646
-19.940907903004543,-20.885976449316807
12.173379165436135,34.66027137841268
48.03389163140423,13.487089987305907
19.15496337452158,1.6242312307402003
-59.56432663374994,-9.998339708738314
51.54404426399919,56.15407403478507
-38.244505042163375,-9.872614668665676
-8.489036672419154,1.6490081601595143
-31.745178956890438,-66.99361527030597
31.74980829921507,47.13199669534532
-13.351165490929677,-66.05768177219899
31.715327802411565,-21.80086754599855
-0.018237888111038103,-68.65774452640986
-73.97496103347589,-23.797046896558957
-37.87583446488229,-44.99869992066867
-2.5191215676805996,28.36912369906048
16.40638842387196,49.51720133656414
-39.64752657175477,-13.870607508345895
13.143394167339672,42.738902149948174
8.79312806880045,7.237535164944816
-23.573036431502974,-60.636865901669104
10.27323126338814,-17.66688119782389
-31.898507522476965,-66.84349109071027
-9.265651468057797,-44.67988304648609
-51.035564543641854,-84.23127094774
-7.454029185250448,-19.51343102235844
-70.48730916501097,-71.25883051012906
42.491153489224295,-29.940575035922528
47.415781203293584,38.93785468698354
-45.18623255887739,-62.24779688126284
17.13787675108305,24.480986837376513
-18.533277561105947,-12.247503164617605
4.150164169106457,-0.6709810070549906
36.141961042988484,37.67617352518981
61.25909292073598,41.57027790732778
9.693361509084177,19.834124788804967
-32.367202444450996,-17.105096764203726
-44.1224545588581,-43.294331045462755
-36.277090870845846,-16.08290400906337
19.325634769597528,-13.020822783978225
32.76216761900993,33.63663688622245
32.089107476919985,32.215472454964775
-15.249738089638601,-48.60144680724145
19.79755236125225,38.737845919502305
-51.52100270326187,-1.7287807608416195
-24.196712539238128,-32.35017428692084
32.61498630398756,37.797264834605514
7.869579920240149,45.78720221271586
35.001823567477594,37.9150775746447
15.760256125298131,22.134233266054615
-2.947734954533125,40.829750326758116
-10.635000707577621,-59.46695379689976
-2.019808217919177,31.78797813107555
-17.811297630439064,-39.42013799056678
20.22301943131592,36.61866113732712
-26.420711901737015,-58.535548416938774
-30.37975869710737,-32.451747197469295
-22.464720908506397,-42.62500100602522
26.71615072468642,5.718568613582448
40.07562507728801,31.06583594256372
-57.81356114922297,-51.737528611370465
-32.5488405608814,-20.776372860312385
46.1512756878046,47.308899007118285
70.1381801627179,44.10043873996041
67.95786159670281,40.950649045244454
-26.50143857799591,-30.38729145798113
-36.410122252712824,-14.845160566623345
44.134592817305915,25.92010642980827
13.884225553785342,38.51061410774828
22.726827826257974,38.03213540546321
62.17818775156494,8.32415330953221
44.96023245447521,21.88041145748518
4.405737464832242,-13.988546925881842
-43.53333305235934,-36.515956758280375
-19.799607832541664,-44.84602890930459
-61.94556113214024,2.445861118365656
-39.77025209791848,-88.10454017908394
-21.48696298959117,-23.08466197094493
-41.04834795679102,-19.772592816173955
12.535715511599296,33.69959556134855
-42.0960169589313,-15.220686115229153
-36.28169506025026,-34.54444036043198
-61.84741949255235,0.41893005038382114
-64.48254912613055,-34.64926995405115
-47.78271625080971,-18.156354731843898
6.649535449639501,15.658652810427398
-23.891589987768924,-41.8496603983986
24.759232778364172,47.65539103048593
-50.97848509995282,-64.32305366898652
-30.99279705143219,-38.138421499119076
17.779225843934825,14.166414305316986
29.671638293636764,7.220159931503613
-13.413167251793102,-37.546017271824915
-37.728347749558324,-43.4370158871381
-9.61008838984375,-47.95284392417361
32.32423296925159,27.529616139843267
29.71910897921696,13.41715534055205
-26.38946853045513,-14.682314844400146
-55.79648530803823,-40.8592799911971
40.601373571763055,17.87183475180209
-6.804181948035136,-59.939594080138896
-0.9867796120106789,-38.5177556182642
37.062424845690856,7.558347722284747
20.55246652028672,17.910464229502786
57.76557670284819,36.29613018617839
-44.378339750250575,-30.61919213400394
64.52038516170362,65.29858496493992
-39.550880191659274,-30.69835058195896
23.156867812038087,18.259720815430303
-17.369624710629687,-26.869866250285206
65.42375380770108,53.62133594518593
65.18506334390528,26.55247897023138
5.357820311370297,74.8948119326553
13.198603504444137,-71.62277090499234
-47.54510908165836,-31.61769418505166
7.1845959298690865,76.02384835704584
5.891534665251406,-53.32811668349312
82.86625734100105,76.36283188258304
36.42162429395416,44.956645662504414
-31.038979026704403,-3.069048919644743
32.84061569536138,21.152930062022193
-51.5607712287095,-63.878596491664446
-23.52826295139926,-24.033446587700016
44.76374473342194,22.359970375107753
-1.086446533114291,50.38188363369178
-15.434789307469643,-49.699131172026554
34.20289692945176,22.622767091605187
-13.31753103079847,0.07168868946483542
60.18563563104671,44.675722085058396
-6.747520820291918,-38.674796700782856
4.5293742760393165,41.641837597425265
-25.88466107595428,-12.469071408704995
-33.9660333499655,-34.333400158178335
20.492999869441753,18.974929088709352
-2.0022348294579793,-40.51662620981038
24.963739155680948,30.36562664764083
64.01140080711221,49.5678404822969
-41.97358380860116,-11.943255338339881
-85.48894330761024,-48.30822242875736
-6.859261172968818,-34.87089948416095
44.95545617987786,18.13749127925303
36.66591651562439,39.45966134391486
6.711856431096152,-53.47417069184286
-12.935843017702911,-25.18284214581754
-35.43020802137776,-17.1648830636454
0.4813085250226088,-9.236631221369969
-17.697432604335397,-25.524419892844552
-48.11463797108707,-65.38216831789069
10.969546912827916,29.562434240687868
-68.91813470763756,-19.251733823502022
30.992962605339986,40.278893025770195
23.476339525613533,4.947954089263593
-25.4457916979257,21.733806914579134
55.7385080398336,68.36983546232221
37.0772087245859,27.91978454511546
48.64901495459047,12.187866586029305
35.41942691835312,40.18949955230171
-9.915931818305843,-54.220067790593696
43.66550900596454,52.02189936702962
-12.77698682865477,15.481107148360637
-33.426594016621145,-28.332370086256688
88.32088668744157,35.54331336377162
2.6548425284180084,39.4587082316857
-20.297823962324188,-20.715020586142614
1.7312929192546562,-28.399964664886088
-2.3710076217894738,-39.07779628145271
23.810757721572124,-13.540008520429907
25.458123028475498,31.795533676246034
-20.80883570830477,31.09509074832272
-42.56081777133041,-46.03806656253343
19.088915395434697,17.330990237142878
34.41251860358193,60.94125464087567
-36.66421180682303,-57.15032374500315
-43.49664965196496,-9.58973011158275
-21.625495481267947,-45.097127660225
-47.840805100995084,-58.26843893481311
-25.193663439341556,-52.752193256300245
14.077675718891411,15.345737825544463
-72.87336775735768,-12.873836206958998
-18.36489260583967,-37.276521613654374
27.0050378706834,11.92766326311737
-9.502500667549938,32.51525289910125
-10.895103811607843,-12.467301817331919
27.089118952694665,8.843971772447627
-3.7865898479432367,-31.65172401360555
10.121584931354445,50.170568013356714
27.95888182226922,63.12164682679796
44.58195063410476,60.10043259659743
-19.863954224686015,-28.868826867986296
-31.35645355176981,-9.08505357157592
5.36745522730569,-42.41938452506015
-37.41745942247383,-38.268514328878794
11.07480505484699,15.477702922913695
-44.55431619341388,-15.863778568827673
-7.785340269796688,-28.297895774501104
18.057367554274997,7.123768818123828
