-34.16876659018934,-16.21217142713131
0.7223368410089819,-13.55548280195023
60.9483762872901,12.043670050551544
20.616340246161855,35.89341480743397
-2.535363564605454,-54.528790193281054
-33.19386387755806,-16.043168481033902
17.452086579290107,40.6385128891643
50.78647544007595,14.392615238001525
-45.63407820599353,-38.15511181423131
-15.20037627583946,25.501889847436747
20.034468239521125,21.60828816763801
-40.84761141496803,15.834616173382827
41.68138679005167,31.8055609161127
-2.833561464273174,-37.61263683059895
-52.0744672992949,-29.09153968853498
49.7941266568315,48.7435625397236
-66.65867879142472,-24.329520870144727
23.989225799142453,25.622566358961844
-32.785539034585646,-25.673282873999398
7.906353713048794,-45.95736058266603
11.062869580400218,32.26271997990616
-27.969998601968534,-1.1066688618236853
-42.8687887634247,-2.374069638736728
21.55162145254907,-11.118552449210085
-41.666344341193145,-29.766445246833303
-50.03321444297674,-17.422082240122087
-33.51585970076265,-13.814516533447595
-46.82052514829478,-27.426196689659808
10.905257685637245,0.9372092413260411
28.702578295524102,35.03554444884947
1.108940845760202,18.34551175268196
35.473117958104496,37.09166621220734
-49.75658430925013,-64.99273330866205
25.482677952917186,29.099951544569997
23.668124046759885,17.09926522121661
22.0392212943201,17.797871025491098
-73.33980055608227,-28.48289035494851
-42.647122699675066,-16.866592430631115
26.404615379703788,63.57702267862598
37.4321619181513,15.619939606139067
-49.794030732715555,-58.10706107813124
37.605567881400795,80.30457497844824
-25.12251384830469,-40.34573154377606
-15.382785062852127,-44.08509284195126
-29.42636197260104,-62.22017125819805
15.04367551096017,-49.70453261325547
1.2052043770359013,-0.5660185207332162
-3.80744262956361,37.72334451169074
-50.29665918265003,-8.045928076699798
-16.859939048812237,-28.567579351319793
30.639629480280085,17.526709415785568
31.341549708324656,9.836797361402748
-6.70980840473932,-47.96953512779629
-40.2799538865015,-27.563322580165508
46.83043525048249,22.509717847781452
-69.7289304069988,-23.54920977176102
33.23876117189593,3.73969730529684
-43.830289635199776,-7.091541926186736
42.15536326626475,27.891440622267936
-30.192872337370503,-48.338304061627085
12.455032010644135,-8.852942713846247
0.09006277676564167,44.8113653636739
-27.22818559648219,-46.79896501062315
2.441270207684564,19.338865710509637
-46.032400524034955,-10.913058390939351
37.538243646985535,9.61199830767115
-44.793342254094554,-26.683537490100075
-36.796390085062065,-13.932496636196241
61.959334388022555,49.678192857396624
-18.099001106092768,-18.7251148487276
-32.39621561773094,-34.908290955560695
-37.08357125707194,-50.713459275444166
16.615054771700642,31.876371142305707
40.262878329249524,11.087879895974165
-32.526174602847874,-30.969846072751647
43.52356786608162,17.660674548520586
39.256721792698954,26.75811484383788
-48.046369126530195,-8.507510236944313
47.54160074431195,33.430252289358265
-15.86057365027435,-18.342201673676787
-54.66242064423034,-15.613941321923638
20.878592138114882,17.31744013599573
36.64713994833524,41.90461432302252
-14.22068895697185,-5.995085297086874
-27.053701659062256,-23.546095372179153
-26.74375757109194,-28.86437674495772
0.8627288566092943,-66.4040833180203
35.40025716817508,15.60890203738677
1.6823427105033453,-7.17471256757527
5.138161955123767,42.23131049935483
-31.94222637076675,-32.78913655219878
29.263444566813302,27.511055056769713
-29.3424752740398,12.187734771358521
-47.637234853245786,-26.01453719602081
-16.436443091313546,-32.60021777064337
16.03437896095406,-9.677435007303977
-69.31411344122094,-28.43831023700712
35.14584954077522,10.444803388876498
-20.682985747025306,6.398513773928414
27.49316836952946,8.641547554016526
33.760679666268025,34.03690578376155
33.59390658770885,53.43751789413103
22.15145110954395,30.573915373895325
-39.95697484582969,-34.4559142858314
15.05678392366379,52.04925180414585
-61.048191521920586,-16.438052160666533
5.839718790647147,26.047867822381278
7.814901046068414,-37.381909391721564
42.45405554411383,-14.378977247551312
-0.5998271372079422,-66.512756681972
-37.69118985130711,-37.29232883788456
60.86195597957155,19.403575075020875
-27.096441316889276,-1.964104699498396
-59.75755041795694,-32.36426691490594
2.8015661464693338,-36.50437499994919
14.98478297121407,45.81009692174167
-9.467199647242992,-20.010531323610028
-35.38952698862288,1.1612207039600122
-27.504299704217292,7.130427757571056
13.10760567118011,44.68778593199797
-65.9714824898885,-26.442851576767932
-18.354631833289176,-27.021185094380993
15.308048793910826,20.651727424198395
-24.442792185141116,-46.028518528197935
25.1536235450462,9.321292067805224
15.267429331510755,-5.192253525658899
-28.12521212739756,-46.0575783561259
66.49343125322018,21.217943471599618
-3.0728927452915116,-2.2045323567854496
-11.299981254541024,14.037660616215291
31.34413644058346,38.969484097020285
34.80427657004472,22.928993881570324
17.630272824646397,28.924495199920287
-47.15822009363217,-52.72877776682
-25.193647784636013,-15.444107227346766
18.889204776148837,1.6557789502343212
-32.69792790949519,-48.54561086868528
44.94797046554517,42.57335117231842
-40.361769594280894,-29.74534949132511
76.22958043294561,63.00463389290702
-39.49513992284766,-14.992423277731854
34.50275325185457,18.835097001408624
-23.92005499131534,-36.669091802607994
-11.342577352299227,-31.696436701460296
35.451946021457516,34.36159764505601
21.504058030235733,38.005239790636594
-22.277502792792575,-19.461640940349888
-4.941277514792304,-23.174254284258254
-33.01532053900578,-19.5454964708011
-51.51018505030606,-42.13454489609427
62.89490211555639,13.897693407161931
-14.52404904521817,-14.327636318708494
19.4364473564941,28.4880458825332
22.720531467791517,27.63103103668602
-19.08691699959373,-33.9078891973686
-29.777881766953477,-43.119554370391135
-40.961907541472726,-34.08068258114057
34.009498752264086,22.996936875123126
10.583186928456108,46.89202373130558
43.37893002798132,27.503664938308436
12.036437685021255,27.57336698472216
-43.71883504539235,-42.41188295531298
19.00370400585329,40.36124182861347
72.58729091547264,-2.7906876624616075
29.366391854028006,-12.302608212712542
-1.8232070705309376,-5.532560919181879
11.592969541101482,-43.91812306194791
52.973370844082424,49.8735539330102
-50.24857658489564,-35.44359855390815
-60.33586028083659,-37.87338531950883
37.42790893704508,36.71533778627476
-26.75303324779764,-32.42988103238191
5.041961655949692,25.3401186198907
8.509025113708976,30.591283849876064
-26.2788414261016,-65.66382165956225
20.34853585840408,21.905888113233203
-34.69565532680017,-9.172864559838999
11.273711325748632,4.438884155255508
33.18368263302976,18.699880695806254
19.014853462211804,-3.1723720515814477
-46.26058838101902,-5.924245541139857
36.06126385147601,42.38736212892764
67.25772625210249,35.74460010056799
67.23174237535076,45.43641987098427
49.482141669450854,-2.5614647399807637
-18.24009914556164,-19.919154855459045
25.076393980377457,17.509918527917225
-27.039268851632247,2.8681107304974134
33.53772269033011,15.393677322363306
38.8219015047532,16.111279602834152
-38.66559428238686,-30.35651775406388
-8.10055101544782,10.858378652866097
-50.135086335835055,-21.17568835144953
47.06982204363206,43.03513473120301
81.95218747399511,37.76832580879021
-35.23880260633397,-61.11956182562531
-23.65067626214286,-6.2013550692530615
36.547035243553275,47.873106024276716
27.321090178891748,20.01575808337204
3.687185597913043,-6.64063052234475
-39.67401304105944,-55.46499026820186
-28.50916903242357,-6.833207855799262
18.610514744239048,17.841895745536455
32.6109645962633,12.949541117937695
-20.65036334422343,-46.20902449192958
65.08410201365004,-15.33802830805432
-80.2746093020228,-47.305934529693516
-15.092114816779167,-46.22012044076787
-0.5997949840552081,-0.34499235091458047
-32.66343008841016,-16.82876172596404
21.331280094840768,-2.6351495680476162
-18.87770187696381,-60.023054469920524
15.319541898070621,48.665992773999385
-36.63718639165953,-59.09543612305656
46.18573416805411,38.89287869940007
79.23059906203159,24.33192691043404
-18.298927544762904,34.633254995676275
21.962033267535197,57.57571331803671
-44.14761118391049,-44.39344652997208
12.77065185043795,35.31014966809128
-10.457863763741862,-13.17780823536614
-40.28773371643864,-33.1480751644525
-34.497883980993386,-34.83369070803458
-21.46215445006431,-32.348175958845026
33.62194111165027,64.15597657146685
-10.520479357268485,39.84426279725474
-39.5373326167039,-13.18546651339414
-56.21368261314361,-35.13921110852121
-3.9406137903787055,-30.46909531375224
-24.735883636258965,-61.25686022803686
60.67044736614869,76.99860514916925
-38.34531882959605,-17.439820826485608
-41.14210070549548,-58.280298369749985
-40.66189408630722,-47.836772818081116
52.54332806190298,13.83965337451998
32.939607397366004,-4.43137820921708
38.978744081877615,52.475810488241734
24.84478661736159,8.484280424185219
-54.016857824883076,-11.269726168979389
-14.117929380471285,18.35701840264057
40.391883224924285,10.023977077294575
31.07267018920068,52.281698897732134
-50.32387393679664,-8.09466460174615
-25.687843018042788,-61.77812604349965
34.85991522113706,73.36697925243874
-18.148565166233688,-25.606849530800112
-50.68361549528649,-18.134416746640937
48.075079851772955,53.73776041650722
17.793686105501965,55.591930948524094
44.16367455144598,13.247368848419033
37.164824871357126,11.899222264100256
-15.142873803627142,-41.74643814629501
-18.78512102495347,-42.21919459171252
8.611995616024672,11.057242306981323
-16.59659950050545,-52.27217207366673
73.32613528738901,6.643149919265618
65.62757895826753,63.243637213490594
-58.88356554135049,-13.146175443492293
-26.19602836764077,-36.74230738522774
34.650979104893736,55.55276431400131
-57.280860160717424,-5.109703449585481
32.8194326868964,49.20370382932475
-38.146941117393645,-16.921962949949503
-22.55501683381994,-58.88344249867044
46.301195874418795,22.057222892194737
33.81943902246704,25.084104536853562
35.248916850470046,13.861268255181074
20.360585006961383,44.44410394760166
-26.99231986402046,-25.120799634363248
0.20669279226247284,-19.96677450194145
22.60238999650377,58.68024699425484
-38.20708663906139,-58.96395616459986
17.179840089891517,7.682060516032507
40.933161689648486,75.53723346898238
25.98718982226942,25.249506718880525
30.27496442864034,-13.319398137573906
-44.8383278897426,-48.50363331808085
67.27695017114769,39.51179154661794
38.42511333837752,30.03796443168551
-16.107468271209086,5.858198014837782
-35.260558706210595,-74.92722691472892
-41.51199390436248,-29.440545965167523
41.63812141325098,4.617660957866402
-27.4294338230566,-43.932376434568845
10.989797969091612,-3.7854773798837584
-56.17167733374756,-28.509902810583608
12.325488131978911,56.01996819886659
-32.2650695260835,26.223761375836887
1.262983810634207,29.546366355008352
-22.17874260153925,-33.55488726842438
-28.52671960860003,-30.150315438059344
20.658331851957644,63.15543262613511
40.87428279997968,6.231375017179101
-31.653417934822155,-47.685656550110494
-42.53807132346556,-45.413639186103644
-8.671228205686305,1.281870157198103
24.601883171844896,58.69530413274265
-72.18181584280735,-38.66696090497095
-0.8004502042965065,40.81634909776629
37.715977570421614,15.369880408741627
19.414428966973006,50.778267626338014
58.44943977669143,2.036440726777929
-53.32262333537427,-27.868843084351212
-16.881521976786466,-15.97389363213168
2.162442927506504,13.00389216347429
-7.229090611889944,31.492369845117842
-47.15874146815912,18.811931993573822
-37.646355826232906,-59.166979060413524
37.974005426341044,17.681072543268577
4.068658208356798,45.66282216458646
26.422673325053196,39.294504806877946
18.02445694527694,25.68837714524038
13.638401911483815,-0.5943663450317089
-28.2592615121084,-46.308032044232064
-24.725856091507374,-72.14293217012056
-22.896490592543763,-36.74329290907995
-53.06091886925164,-58.45222712577575
-13.518688770744827,-21.793445526504648
-47.00017859074816,-14.097889299731001
-40.15619683545714,-45.8919571907729
-6.0846955300958285,-14.187671961572088
66.53423837363971,43.983087194821984
-29.8345289325057,-53.396839161394446
20.015138619776465,-14.729792804017574
21.552515706141293,53.0780490291175
35.22528548890806,-0.31889789801434176
5.658630378678794,-16.42800505025111
46.305964925363135,20.028845723085883
41.59000359822765,28.34927557617002
55.12768858690684,50.144739378719905
44.37129575289971,46.9394178028762
13.506198671744688,17.499672955530116
36.669569799094226,42.408387849734446
40.30619598209796,46.41269229227
-12.840103741572428,-39.81115062182903
-44.837661943167134,-32.664645948978325
40.79329904561615,7.480788689914334
-23.66493357653936,-53.716622724850566
41.53373023930142,66.55885525119004
-34.47289171320528,9.402470169304273
-13.690277981748025,-39.11534704809965
81.6160119529645,43.10726115479345
47.53631676018421,-6.511231997441293
-37.42634608246731,-31.737523984154855
49.62273788554478,22.769409730522465
30.42802719098999,36.01401147063136
3.873637523526554,-30.246352691634353
-26.529632495092606,-44.420119332277906
36.747674483732524,33.71598627022104
-24.488160813097668,-13.61931340688627
-52.612353526370505,-47.93720538819299
21.487595316314994,21.886086943422534
-9.66439321107422,36.64931902313395
-38.482122522807686,-50.169170781775094
-11.96694984442405,-19.368471027199213
32.92756731674119,41.68988249149946
-41.13142351671661,-0.5365356683875611
10.838313101452208,-21.358820861414294
25.122321518693965,80.12099538788725
31.063251918954414,23.198095901362414
-12.653326997684864,-33.60035234011635
27.274163437282063,37.42989315984278
9.959892933849247,-47.96853410194722
43.59128122066424,84.66285227607032
-7.964534140818241,-13.456079841579847
-28.540082358622872,-28.366265263935365
-38.10930409770599,-35.3492427188737
19.57236274371959,48.34755786442407
8.933548578727514,10.563676473079553
13.08287121606645,-29.410533331291763
46.20724305779396,18.395171859857307
-21.276529369852632,-34.5603925029118
-44.38162146609979,-51.629320015623236
6.795224760876476,20.93802110334172
33.66498048446353,15.542510826075983
33.749481745002214,32.453611964172154
-22.719141209442526,-63.40420307691652
37.37958396167587,36.962945689359096
51.33071482683437,11.44017721321368
-6.568040464364472,36.45829679542555
2.0687342986260226,64.01221261181662
-55.41726510366715,-31.314778211667086
56.64574921326201,38.15873886312717
59.5026792298766,6.989695430854802
10.045836064690462,7.246228659710098
-52.37676013895243,-25.91596916052791
-30.86749451330487,-39.09074592892276
-7.668202399259862,18.692761567060778
-43.6278865604901,-51.705314962545174
40.30887531798923,31.603811394702845
-14.139037378664426,-28.80558743605402
64.19414309212031,27.572706034557747
2.1329389143928736,-28.594605940510515
-15.117782407354385,-32.570051459747496
34.50503431755199,71.8028597039675
15.102638020489664,0.13833008955710469
36.636922059513594,40.1891028102786
-62.20050053053521,-34.60403991154058
-6.653319456871301,-13.995215162785094
-20.449310762233978,-21.228624009944312
37.53102581408184,24.029261864223056
23.46935106375041,33.213202193545385
-56.000929634722205,-19.7399360018005
-11.696501046247672,-17.040821661529087
71.45125112230795,52.72733382602056
32.85800717986544,19.737983083752873
-53.930388818486946,-54.0755676307203
-9.306177645097225,-43.975765179533575
67.64309169856904,10.089662970885428
-50.73664356342306,-26.01561137923811
-4.277877867264735,40.21554843758125
6.1463364204036175,11.67543967364201
-16.46631400446804,16.986449463273857
-2.8029291460684966,-43.16998005370346
64.95480799911508,-2.9111545847962432
-39.862041537368434,-68.48256504550346
-42.65742416639205,-14.454751418420829
46.97284076484571,60.111928206684304
-80.11241628617206,-48.250633889521154
20.364067632575832,9.309661695982104
7.458367484621164,-44.27050525634536
-41.01269045746752,-52.452718022428755
43.614928613543256,19.133518276426987
-53.295585079266054,-22.604991593770464
22.35943128595121,23.688608051269178
25.513467278346717,7.858291890480139
-30.00784500945654,-34.46140410862888
-24.32416119008361,-35.641081435723876
-57.15005619238703,-56.808800763219836
19.895369355547462,3.459883334720388
-7.8620967279841665,-27.620490665222075
1.888019285311092,-9.118433547253602
-48.215058335182285,-39.34199128517237
-40.99670930653432,-2.0054148870564426
32.424442758946704,10.974677666911592
37.58469156785981,37.93770621837572
34.64190751272288,20.088748121448823
19.28352513648932,12.373573231003071
21.630253858068983,56.51693256830346
51.2139922790886,58.58029178634652
-21.5078221709364,9.094908975534608
36.95368441339153,60.48682266799813
24.501808100600996,32.65850384275441
6.833650521480713,-17.782626971662076
6.209681517975994,-0.7386755389240207
1.489943570079376,60.47936449892572
41.70749417617018,68.84130450477392
54.83166110977724,66.64699694358764
-34.254281169895265,-51.8791198558848
-40.19480909841391,-5.0224879082909055
-18.00918428851447,-36.00019715901579
28.281561822164708,21.471975757375503
45.98692280760032,28.823519504641965
23.156512227553215,53.11242530789112
9.188414590920942,11.14413266321182
-30.185410330545587,-12.722087488117474
-29.10111301368525,-58.38440442877868
-9.589130516944856,-20.24521486998533
-44.79956895022373,-19.554110212766986
45.02382348706423,19.467122392591172
-25.701489628234448,4.247525184840718
28.457693839682964,53.28691322000098
2.611108728415875,24.500969036742642
-37.65653531959104,-51.31058144841762
22.04497458217479,49.90223385594132
-15.037170007628937,-33.837849410348305
-4.809677587751892,29.256400701833662
43.550473281770536,56.204999181072
-49.785212238534186,-40.9212878936504
30.676997915908025,17.997441195356608
39.77066978963302,11.698972483832204
-62.88856243798749,-69.66776262749454
-27.185960074545825,-27.30914833820543
-12.36102263317337,5.618152792864507
-17.944854655627932,-33.83110004491236
-12.318618481145627,-43.73682190242645
61.86918210913877,61.32345905110479
-1.9894598718193315,30.378291370378907
-29.12666568129731,-20.095761879806272
56.445202535549925,5.95127993653584
-39.19608720419074,-15.758071697058343
-40.49147851728192,-61.56766489062682
31.40612944863601,12.809908551782762
-8.414330702953976,-15.060288928480682
-7.725003013477728,-40.601567529780624
38.15107183514163,44.32188377855029
-27.085331207311746,-32.07254904690347
28.90704062882589,8.710356592124828
77.32551022215577,34.68723655909016
39.253871784684165,38.43454585414761
29.40131547608946,32.089411266360905
24.004668966261665,38.336153238965856
-4.1756734441264385,-48.297069332267284
23.982981817643438,34.255360157469916
37.58990448088362,9.166624731698043
-29.818849704950456,-63.25723940960112
14.362195558516131,18.089107287071187
54.34114782267786,9.88225591051382
73.19645118813212,38.563855819324964
-40.87193674115568,-37.91124602790396
-35.53411279033489,-23.959731900424668
-28.35793041874381,-41.563191266180056
-43.7308698547654,-9.756691729968928
-41.50809608244454,-22.264958682851205
58.490052606935805,58.29961451362287
44.247341737314414,32.56873788822473
-41.027781079981516,-39.85240607175676
29.824422693360262,57.23564505700626
42.15004388566173,15.615180659247187
47.014633368297,58.156266576327745
-39.82742141007742,18.01507326942712
-17.996538100928134,-18.792680218872263
-43.30206611803973,-43.85056706063102
9.900228041689758,-10.566663362373092
24.705059966956714,36.73018673326598
16.803643379237823,67.98218714759238
44.71812384635378,8.062010792303163
-29.048014673031677,-47.78915415113258
17.66324807380286,35.08990778431257
-60.710755395742666,-31.19405649286434
40.03367005424648,9.104325939005307
-31.090519529245128,-51.610215925587845
29.78068679439445,8.90813176485796
3.424780180606028,17.40164337444014
-46.400137710390595,-36.28758780547162
41.03653305238667,28.636207315756437
-41.83566373971768,-14.919198623434035
-13.952432121424113,20.371356340841317
43.243753701300264,32.859540132531805
-38.94435847297332,-34.506125521180806
18.039995950493587,16.445504691669637
-33.08955613879049,3.792965616138396
11.85141367883778,12.742166892435847
-55.145841844935504,1.5807719167807548
-34.54456782035465,-27.48674867092534
72.97917496902885,18.31024892949429
8.09799413807606,6.069393010242283
-18.282697524417188,-5.525830991980044
-66.31205550298675,-57.4829621123119
-7.369884683580686,-15.663324034132948
49.24567918036119,-8.533503618444001
44.66114616698924,-2.7518620267006852
-28.608007710103163,-17.193832955219357
-41.461652078875474,9.043369320436156
44.45133414273347,37.92073774188313
-27.885365227579644,-46.69595708513201
-88.28874927677849,-17.5456388054005
-21.770565421500383,-7.809359453582555
-31.683909539732017,-11.461004259160315
30.33440356468608,8.0638216519481
23.272597922620058,35.34091125367923
-12.863950070885842,-17.918088746300494
56.122841310155735,34.35905020359147
-70.10680318295647,-56.88859384205024
57.706921649059694,40.75984615958852
13.207372123464442,48.43222692005681
21.66184653863541,76.54435987078756
33.63279498011549,36.802472309827365
31.579184352413314,63.85381802599066
-6.432372444786761,9.323496271205194
-42.11111371657115,-56.94526732263017
33.483904094387356,37.50212346590747
21.91528526812443,-10.08891443933117
-64.02776748109991,-26.272958249158815
-34.58493563981198,-43.873306870356686
-24.461755606172318,-29.185950896218586
-32.974604585601526,-17.25202402910096
-43.64247458810961,-48.0691323572235
32.507444245845704,24.722319171533677
44.46959990092965,-8.395605636949803
-5.095489630901547,-48.1355158043763
28.444199197032816,37.36593394099252
47.77765547278626,41.16204312850279
-30.955090626096027,-32.33623129251394
9.085269931243026,18.81660082276298
33.370987701967834,69.56563765600092
33.93660151849264,6.555848517186604
48.06710044722256,18.753030922359354
0.5143399071354366,-17.62064564897975
52.657197357778834,35.78518075808882
-55.36721421154648,-31.50918959441567
-16.89633011949408,-24.38625933198096
24.998614558286157,7.144071078220428
50.74547647608693,36.921180757697506
-3.015215476170667,1.2475807510848433
30.738363500759828,18.06485963909504
-4.634611238614177,-33.70047708677801
-60.318361030760265,-49.17407707144886
-38.32213381333747,-61.90400730916856
31.873641677058746,50.092211944202276
24.926120915899492,7.772856099822789
-1.6458015922403781,-65.55876427435533
-10.38335669667645,-64.50342188732975
29.96530817852485,5.164924641110314
53.502846407645094,16.887406006044284
-38.92530185557665,-17.400602159102732
-37.743455879544754,-46.35200972979357
62.34938663727458,31.999608092493528
6.437788063350233,40.60972553081473
-51.07859338293184,-20.921623976260406
-48.64901807073178,-62.65409101848476
40.75940161804347,80.46624161262946
-29.365304069457324,-21.38999472634321
-24.957525626154457,-33.056302444335394
-22.504517697855455,3.729962161045293
-10.85045931492504,-43.324668995844874
41.26957568127474,29.796924766546503
2.1614536404101656,23.38475769380048
-9.021907248747205,-26.666319469184792
-4.451761551587232,-33.467649942826505
18.083554015631123,5.276536303794245
20.33083328748989,48.317053502587754
-37.2584030115035,-22.648355877197574
-28.77375267287455,-11.846096868332253
0.36571437408394303,10.750122634476185
-3.1723493205016524,28.073644287256144
26.636871967446183,44.63646407750276
-19.44394265911631,-38.022115609399926
54.38568356192068,69.08826447043401
41.20154976162843,44.007869838405654
-43.99003982871113,-15.745921567190965
-52.42725729346875,-44.671918759198434
-24.566848407712122,-43.10070456731069
-22.248611426996813,-44.82503558895618
22.6273443513844,37.139652418862234
-43.74994239895865,-30.073275610941344
-13.949169774141733,-16.441322404259385
-67.89305729283288,-38.32401042071503
-41.686021586463426,-0.20850076407725737
-9.991874746121589,-23.791322687122477
18.81949606762453,25.03737297880459
15.563036803695196,39.71508786982524
24.017818242436423,20.517188221914743
50.689232164364455,26.492922334707693
42.2623264414724,51.80958741883479
-1.3956465185956866,21.939382181672954
-2.523152231221708,-14.504790183727973
34.84438691487327,11.188160507729702
-45.0090137609846,-27.398485800116095
64.70468910835174,19.540740569427335
-20.550682761777132,-11.709579359789078
-57.33005439422422,-31.64189485174743
-55.76963084229345,-40.7385060584338
63.30760806779199,6.652943028574558
-12.289905720585384,8.197393727997678
47.41944645536118,45.44311655915028
51.80859352742347,53.54862412364341
-51.00075528489546,1.5693646420233947
-58.43718581355886,-15.219988552578695
37.90859396371935,5.898546153316847
43.16451031693046,-4.753251297669948
-31.345656660466375,-59.191188361883
-38.81683447057128,-24.084073714531826
-42.37082210654344,-43.37783191548678
-29.054283404850793,-17.199628938539977
23.27648766547393,6.52801098116943
-56.21347985675072,-26.426983974680404
-20.189631385285306,-51.821481043492525
-7.239327644827547,-60.26200999277634
-57.510704032534456,-51.8144634303914
-29.697302315725118,29.199360471182253
23.307390230609954,52.09784172107803
54.74690572207217,30.868033489756552
-19.202296336573248,-48.902960581087996
64.67797992061867,42.81963342709706
32.52404850366083,56.56471009372058
-2.586163071523476,-56.701099731809265
-59.023110192486776,-19.4474213848353
66.59081214452755,29.8506013711391
-28.239854748490085,-32.66613232556696
-31.925614939327332,-17.932319404057985
46.82749904409099,68.63806993542931
-64.97474468299492,-51.94649001608339
42.8616291316508,46.78072392699886
-18.026980278094662,-22.304704103607712
54.049603665153754,15.398809980110544
-21.436635129771762,-15.160779786363856
34.4005360142343,15.189801606389695
52.566949563415434,4.353355356939023
39.260414478384604,-2.3889730604370243
-32.35607053807917,-12.203525374945457
-39.095176493830145,-29.618144792102353
-37.20658860108243,-36.15951687702579
1.6636089840244423,-46.149902805604476
-36.20656479104914,-58.54015315300832
71.74755183972309,18.723762609787983
53.76428496389818,10.861213422529612
-23.58587479657674,-33.12113510246713
-60.11906978255892,-53.78726113398658
49.4484980328252,37.70685266071423
7.028852044002946,40.8455004134725
-42.80605131327954,-14.645344141297667
-44.059866377994254,-51.37237481094367
-33.540415901240706,-21.730651022703924
-60.14451316571595,-59.88533636301259
-80.25849995914402,-29.976232179549463
47.890281125235575,25.916396719770194
16.913355822131482,31.39295657144515
-21.09558300675002,-66.60697847125451
-42.58617050392856,-16.505230115616826
34.18658327209959,57.25652867619877
-18.874892197775004,-34.23278438494754
29.726458447692554,-15.147582419089936
41.385954153256954,49.549290896642425
-23.28124547432705,-58.44111634960963
36.0889876985385,25.555563723962678
-60.755067411367,-58.499511363354884
60.00415114630901,-13.503029443325126
-11.047371196237137,-11.524806564077814
60.80414100129453,39.084605281857776
-3.6159287994190734,40.399262427494605
53.888562215707196,57.990956718317584
-31.21566969574754,-45.664711690543896
-3.3522639059223636,-7.941451251522157
-73.62253985914258,4.797881130965862
17.684153409712163,-7.880589591879016
14.718325833945165,44.246463548680225
32.21390852203808,31.148755914653467
-37.08938401367338,-38.31009340313727
-15.966173081786403,-32.967787178240556
41.098021815895194,48.77720260808266
-49.880706104281714,-30.865673966458733
-52.86344642701674,-30.771922045267225
-1.5953449327437568,13.965740372407293
-25.381430396827,-12.605586314850107
-41.611243535266006,-15.888816271992248
-50.58055905203159,-42.352815255171166
19.448333771679685,42.03230331118729
9.620606060111378,52.4581335538852
-70.85601434407353,5.113703524825965
-28.28177537548098,-8.821421520176436
-20.165804899059424,-21.537386051633874
51.71194239781413,30.0846668660506
51.56521336589954,16.08323567109055
-19.466308021778104,-28.259308694997763
26.433941071807876,4.108041799918265
16.880950242861903,5.166615958063186
4.32708005350478,5.112514160976719
-20.97010482855892,9.545264139768534
36.53754260186285,21.86533684915375
-40.45683064581095,-76.19132662651438
19.73213524362091,17.470393363528352
39.999490515657996,58.06802484752341
-24.7102454616076,-33.95164660271966
48.55101986027954,41.72637951791088
66.12924760405005,46.9258642387709
18.73097261149928,38.770831925186776
29.604334682478324,29.847961216448603
29.781354247472738,57.833528690818014
-3.13797889789733,-34.68193372366385
-39.12401486048276,-26.058694997578392
30.44258661925378,21.130566840975746
15.69782904816185,12.042301313889052
-16.519924960662458,-43.186725730042696
-20.114680971748157,-45.98189457822869
39.749185375326974,34.333195774798384
-26.50166942935619,-11.036306396149929
-15.405672763864269,-36.00838113327252
32.60693493824975,43.89813310851598
-29.839312704053942,-4.539651009292818
0.5656828704396624,-9.632240488000704
36.37668578943044,19.012953724222434
-56.98527372941342,-1.851385450128916
-37.61174494099992,-14.836734273121152
43.02658867359577,39.2836735481874
-41.849530911474574,3.677922182298005
24.823121414660832,-4.90255959766494
28.021062698272747,25.471119720151332
65.233210761952,5.642465910726436
-53.080582375729506,-32.270182026994895
25.548240078340527,15.055915782948212
-53.76778494255824,-34.36747907594341
-60.00915982041333,-2.8607892545153746
-46.78723753066629,-24.064472858633778
45.46611646907524,25.16649550012154
37.17101810066612,48.33338260333415
-37.739551852478485,-27.444126193605467
36.315753000792064,-18.92598466455094
6.521205957193619,-1.062322925055522
65.71237172980778,-3.231552289677694
-25.49651468601448,2.42001142281007
-15.911066056988295,-57.00479674017115
32.911203526483675,35.53577062801071
22.5225746234765,29.072318472794024
-17.447429786193112,-29.764372971082263
-30.88801189301044,-24.140220770122845
-19.205282755031412,-22.17438122002465
-48.178938204886535,-17.75711302575278
-5.847670098624064,19.8520290156696
-20.284490107572722,-31.60920764557358
18.073912268661623,25.12719800248294
-44.499496497912226,-41.02344353750231
30.464740524841893,-33.918645569562166
28.155707784796785,18.10105934034303
-67.84756441083725,-27.13735373877515
19.575501160930635,12.254994612601205
25.006558917833708,32.340909298431036
7.101679965631099,-14.73859091032891
10.165382185619578,23.748941914453656
32.323629075643595,35.68049172547752
40.16664481510929,23.15621563599323
41.013406059379356,11.79009780273946
5.497673034858586,-30.093398793361306
35.13678039770334,18.069253925558872
35.85779980673753,24.246960815135267
23.345151834446032,11.041506505017637
50.752246103458646,18.11059714537322
-60.88203857494793,-29.020318196083373
-17.900819949961438,-18.062302294900654
-24.072406966412835,-31.705060586048162
-23.29160322613183,-89.1943191931564
26.092204269544848,54.54439604671087
61.267421851578106,22.513840102140147
-21.38750733268296,-33.77258893317596
39.006780657206725,42.56005682293494
-0.9913731053176278,-36.39637273594693
-40.53835169525901,-30.820873439182638
-20.415125917402577,-37.69897520660404
10.903861784495422,8.928636343675045
-19.251229820435903,-1.9638466410330722
49.83988114072937,45.292969955098975
-52.75407537165569,2.625468363547455
38.12195540748339,4.411688428184796
-57.85099659292659,-65.44808052607925
6.894135023710454,-28.982932570991206
25.860676850355475,33.047768674806264
-32.9564285423183,-59.01169000942656
32.037350471753,26.790114729164475
46.0735496630071,10.530157091656719
27.048341152363104,22.073707807609182
-35.10682007250386,-42.16277472399101
51.64400983401514,28.94374235635002
50.754513667222696,27.806634726763683
-17.226403920023326,-12.526783404896364
2.0753334922732307,14.492717192806388
-6.631687532684964,7.961818187027738
-5.9596979501974765,-44.55795343926977
19.336383298960484,9.010602983636161
-15.338981949406147,-16.649063167432935
-28.805078524135013,-45.30329116384984
22.991465944734657,17.99300747158403
-37.08337341549206,-0.10928237684355224
63.397472810496424,27.276192650209012
2.162152796268309,-38.21200883165275
1.6415811753825729,-90.35212081882278
38.04156385175574,30.451342586299567
-50.52671691854431,-11.227836913913865
-11.566040426873101,-75.67973869087231
-45.02977883255159,-10.057380706256499
-6.81726753743833,-26.706478641345296
15.189722519674822,16.43329838870331
6.967357124275523,61.019617873772305
-17.877713351359187,-42.008618709160324
43.37653034359137,33.480163938663175
22.498596089671736,-18.07940585888057
-15.01681610949149,-27.83971244854901
38.357141322825875,19.895212949765508
-67.49447402211598,-24.652624546911873
51.07019410788837,35.47230098292869
-35.91640861704473,-48.652965192159215
34.25166805993877,21.61434961129898
42.23870525924082,47.80089719463628
31.441122138844307,43.0568423177
57.349136576399815,29.993148796314337
-14.78723368236659,25.796930515570914
32.679082423133714,23.76849646780343
43.35193735631881,41.830200263953884
0.8538874988477119,46.16144393295579
-22.655618411847485,-55.27603535942135
1.6356448189458952,18.269674290498227
15.49396548333414,52.317172807347134
-22.82348795023357,5.453772104796837
-3.580779838547656,11.486617787261771
-21.551018937859368,-33.926093774781876
-54.364595356686394,-43.293492472997805
-5.887445789493285,-24.78971736283046
30.76073060197927,40.43919106956359
-27.105553729334403,-9.413888124447894
70.56273859578343,22.089192962135513
-26.87573503103705,-20.359747711453693
33.87774973739983,15.776778248945416
-45.25224326953728,-61.443737780786094
-27.144891510715965,-41.369049568157976
-28.969459145747976,-27.553093763672162
30.712941688763355,49.623299501904114
-50.52030806852146,-16.827326235362875
23.99289483015816,37.5836290889813
44.33992612189089,42.05528027814687
25.021836164516976,40.27006907701573
-23.780878766321063,-31.136591393624983
-53.6686678271833,-4.9143309469185645
17.626821781519098,13.955282070379507
10.96739352210832,34.94768957696523
32.38027845846414,29.448626059889843
-23.759797799155066,-15.835953880058344
-48.02578237253647,-88.52408254243971
-42.331032482900525,-68.75435052611081
-1.4706669786437665,-37.980805949633236
-22.639897693947358,-60.70610929040506
17.312537167480105,67.34815276684424
-30.05171048614503,-16.28800172278467
9.846161683497296,50.906384817097816
-62.56475583960403,-14.283844778163136
-22.358066597464,-29.6623103476769
6.608211263271695,43.8858961318963
15.928215105128523,-27.587291471350316
-59.63661724090203,-26.152629323571823
-12.67186229264864,-32.58259107814508
40.53169938314759,8.268980988551263
-5.280462164961545,-3.7902717663848478
22.971451080041234,-19.424978634919007
33.12078141764109,58.32694379724991
-16.671620590289763,-30.279518574693792
-12.345580319976651,-50.144535040096684
46.96037184844194,27.77284652634498
0.0463949485724342,-20.58600609101887
44.81292164652106,-15.913006514247392
5.827721383706631,50.121300674915666
-44.670778827506716,-28.947416336725247
-60.592066783415675,-26.77206535424395
28.320232068282028,4.721882046916935
17.438876259538606,42.696101779685115
-51.427659618960035,-49.12495279478703
37.57071417427436,38.405308905338934
39.60574013185394,4.167916762240694
25.11858737705218,66.59451868836749
-50.53147061756414,-13.515313544118946
-16.115608975093913,-36.94941317955743
9.460202671493917,-21.069007266938407
43.5357486589467,34.99907267634403
-4.4514750913124885,23.948394950160534
-33.41967024828497,-32.27175218599695
-46.644774582582514,-54.01808926198125
-13.678839245262164,-24.64692709986256
-28.096242644862567,-31.766738510010374
-18.757809776266065,-41.432702376621904
-10.762084900807196,39.10183073151458
-20.029152238819073,-11.599618757841501
-23.1855649996913,-5.452113651692734
43.63604664610439,10.492556061023073
14.352564640976329,60.96302020814755
79.5550544351184,13.344817943945458
-35.31520923028808,-10.573279023746633
40.52691754904315,3.9663657184997376
-44.044663470046885,1.5799063459142992
54.83977833968421,41.281876800959836
-14.094215852875296,-50.33670094749021
-14.919100927230573,13.481837624925195
25.546087480360054,-3.9092410227409786
45.69948814880834,36.51895993284225
-40.56130386494518,1.8841889605079487
51.0841757386126,2.3847080252378134
-30.88579797262766,-68.07298808120804
38.05195040463397,39.943942756653875
-7.807544467102328,-62.8864329352873
26.711607602473624,33.27151584934276
-29.55762043963766,-16.183563645824776
-35.051259642502394,-43.0668887333141
-45.456432880610905,-41.56793894914666
19.94199813394075,44.65113101614057
31.06089760799533,10.959663897292941
-17.93648525732315,-38.78361591443455
-47.88025153510775,-41.21587363663
29.96775431003005,2.84750171619676
44.15557068550889,9.476102318290963
-0.8576557385078019,-72.32638090773588
-46.58391124520354,-57.11904383198636
42.97757543030117,53.53271139671182
3.363100048095511,-17.28166725723718
35.7468863346657,35.73819178690161
-50.555532854809925,-19.874203006936796
-40.791635941388684,-43.00122333361449
20.04327187747126,44.471673013396504
-11.055771152139688,-38.76671920345501
-57.062191110679834,-55.23645144859119
8.264459855639409,1.6293235253662495
-53.13984412769905,-67.81066038300807
-28.076989426182976,3.557212692426468
20.06625681896567,11.292840097050384
-22.903572846637488,-21.227446537133595
22.69262230855933,33.00505078538689
7.180053449833416,-10.337035926554812
8.855629882281217,-6.64844642701982
-6.326632109823535,59.2889808106043
12.941835821137172,70.8703699546686
-18.215511894282066,35.04828117444501
49.356623825020215,23.719669284765452
-5.503189569845411,27.735970204581793
41.15193864044858,48.7107649299517
21.26163097317238,44.78142131267104
-9.389776496958419,-25.844090215936884
-74.9131247012727,-17.31825362106512
-48.0760316538611,-41.39344904085689
-13.255548555828778,-42.48247571136406
-2.0936021194268406,-42.3853070791115
-52.66965673535624,-48.50065093686027
42.66873591780899,33.483345037764586
18.202478716817406,31.877271280637213
14.654005170129844,35.94727106184279
42.812490541774544,26.470139564774215
-36.84140360860705,-52.17103381257189
-55.82773083635806,-39.373383806568185
17.18078422697069,2.9656715027731977
23.40664801692053,48.35547701269003
-29.757388971745392,-48.542689415630036
44.03973613229033,48.53074276967037
-23.631973882931334,-28.283421881653698
-42.197483456355954,-18.42468101648044
-6.5189199498567945,31.97897434567659
5.9404739916842075,31.699538698294486
-28.72721980348595,-35.623532671788
66.29103403844111,28.34202870501548
-29.966724969510114,-39.715424740544876
20.079970612399116,52.31396632374526
59.57279706765917,44.18476113775136
-25.098102746993366,-19.96777675656258
-51.46977548378393,-24.901920292683243
-35.45858989295466,-36.91491656345121
50.72718732860402,48.51852909805966
-29.407885577729285,-18.276289314476596
56.23743734177353,20.68987335077125
-7.286676469673893,4.060188681212477
-37.012991614120786,-30.092569823816206
62.36234710041894,-15.217931793277792
19.28860343488838,11.741844406558219
71.47816594679708,1.1635907689198604
-32.00339046781943,-16.976099588380603
-16.232261920265827,13.805161054205008
-16.381299483597882,-30.236881275364514
-39.45584368349088,-43.85694951189929
52.516247003801055,12.34045741833597
-22.34250995884664,-7.343835222029696
-4.1100885327250865,55.6440997595161
-26.761810802639037,-32.79512568914687
-36.2454024214352,-37.85874516581713
51.953139320303364,57.020224672514246
-6.559226352821021,-36.255716262790436
-34.83941680080815,19.595303011806408
40.71829194444585,-0.37266891580475203
-31.046838094000584,-35.57557875263168
24.65909619965508,29.564575456401503
-14.064680477923089,-25.882940850498283
25.62995773883254,-3.4531152867019586
-12.857085915957857,-28.50192195264427
60.47791336596295,26.102060678281504
5.853519142963037,-2.679197390339297
62.494258438018065,22.281464247639335
-11.428024615678382,2.2865550814187046
40.87828736410279,57.28137721598812
60.11073411176406,6.601579073368669
13.182339656432113,48.9445325913136
-26.347205009723876,-44.189654516902486
-63.047147413068714,-17.158214418725887
11.606778414592885,51.75917038917899
23.987763925887258,14.05790321507768
47.64951463826332,34.043790985269595
-11.173684146051095,-49.727812605161105
-46.515986713449635,-7.865765377098288
-20.570038476945427,-7.311550870936561
-31.517714316684472,-33.07989683572992
-47.872424725412756,-14.945147160831116
36.72855971655457,17.527780327327143
-1.3708087868497927,17.547561279750106
4.429941761631177,1.0677779303393748
8.286312006300797,33.120146239856574
5.714249164323967,18.911261685487972
-3.2090177164819167,-47.12305966888848
-1.6980366104509272,-15.46025087812195
6.442529578037153,45.33779601225895
-34.541861678803116,-13.93840428375195
-7.974542249381884,-21.523053693919856
-42.498582194983975,-62.35378749147554
5.497454114857227,-34.73305963720952
35.23641161959364,19.123992407500545
33.92518604990248,23.44610387527898
-16.228880763983568,-45.082809033719506
36.65275893207408,23.247285167603852
1.1580306661106867,-13.575494894156197
19.355792325799776,39.82993350751894
16.995692181671764,31.476929907438187
53.52527740977095,6.098674424581304
22.041601556619902,39.70708610607754
-31.703451985000996,-38.52562318800497
-2.0728136737502147,-13.229851765935354
12.135408944928109,22.83719432710368
-7.801022833306789,-62.95311478115775
-33.31778226215648,-24.402488226523253
5.111030941635484,57.259068827284494
17.833486621833927,10.44459754060324
-58.042087262488636,-25.133856105863863
-43.030402347347206,-57.84770554231865
-24.52701111616021,-21.191554288939464
84.56996918766643,3.3251792538188667
-35.70116541257332,-19.6521368033479
-46.96655782961443,-46.3404164845124
-25.60407300550257,-10.343663169286746
-34.8583434801444,-26.04627772326122
-28.930678239050504,-23.529627568712577
3.1040019281724582,47.444295869677745
13.54845895920096,24.336209444841117
-71.18816324119452,-30.285149009065545
-38.956352294105145,-35.02862919354791
-17.443255379387608,-45.04030817312621
-19.06637091879172,-48.80468327212709
-12.355762045109064,-45.85743223234485
33.135605273667004,41.27703233175433
39.627630907399244,28.50592467665364
32.74509597950033,21.865417937382425
34.785327780314155,46.05668228153369
-0.8045644031008514,-35.11852281468267
8.343413715148774,39.860268695434115
42.45441529953179,-16.682256996646714
-46.281351105527364,-9.73447748849464
49.26281711320617,1.9525855287630236
37.4774565549057,17.78921173681219
-41.89621063187611,-7.933193671341169
39.91299951611798,71.30611382483822
38.33786572845597,6.510231269383112
-9.108408808611408,-47.02614238576534
-3.2020190676749927,-18.273119121803266
-46.44461339229372,28.145458517957316
35.03364345267795,10.70419759322839
3.4406849406283655,14.734643772488997
20.91461609657796,5.089258954995394
55.88659146626644,59.2211889226246
-15.809399213216961,-9.917000482641502
11.947417310020512,12.518525090663285
-47.26749089078716,-67.50179186597151
-14.75546647463702,-24.26212293678222
22.168669322340794,39.09078137856573
-11.786988690395223,-51.21241080172841
-50.625150014655894,-41.36373237832204
20.41186065887181,55.21463445565836
49.01160839968599,34.593991243174386
13.392352701398693,18.16630040976259
7.79906724451212,8.579676719866896
-11.755664459353227,-61.332815780134595
27.668367863107918,36.512909535477014
36.23929222531836,-6.341045966088664
32.4040666989554,43.03662839294682
41.412717806490356,41.43273625872193
49.59940144021497,48.99366319261025
-9.291225999422164,-25.963718644484068
-38.83772526801385,-55.151116905028815
47.66451102772926,66.01682849964209
-32.078157276568966,-52.88653537927317
37.80696894011526,25.8313064052326
20.23144632572145,68.02636764823399
-36.03034621114228,-35.01137683924906
41.3894764089799,33.45660808585503
3.2217056184500663,8.734050020815111
23.592873707496146,19.58829793875786
-40.25077201292884,-60.66171557076757
-8.805163796726475,-29.20346398880887
23.18584555441542,30.471251153593087
-39.12576914996814,-42.435980544321765
-68.1558764584853,-33.23533041840235
-23.329056163343225,-53.71270949458467
46.22712183905809,46.867898879979506
-11.678730101073185,21.81054301201146
41.42563373590757,23.67677187815643
28.860866006602457,40.684192321259715
57.3616760483618,38.35701673811103
-27.78366233773092,-18.130336460506935
38.45319525526935,35.21138973309229
-13.439860003284316,14.842547853459909
9.722280404431771,29.712362698107324
58.292863125440434,46.578740541177496
10.037236839386875,29.663990484146368
-59.19401751931702,-23.05952578590901
35.93940064550604,16.011322988565677
-10.534878958473158,-17.541903327049837
-7.8899616246411775,-13.589779038467103
35.72208743868411,24.17927826341009
-16.81235449952782,-80.55526029478774
50.5781477565936,19.50444747168447
-28.614959471936277,-23.87337259577056
-36.83095680813915,-31.18890843589621
-15.479540073541,-70.61518148897065
14.996907105791335,-18.29843109569854
-40.86325511752497,-75.24373650371712
63.912390730217545,22.895639118279334
20.6663362308098,12.016707169941398
-92.5002229537152,-33.969209751861925
-45.75590232672094,-33.70810690452525
56.05965349793502,26.408378167878197
30.189036019321748,30.51546402070497
-49.91511623159846,-20.31115700674616
-31.842561790513887,-21.055612560849823
15.019391425270916,48.511066191511766
38.719399087775884,51.35768131269326
47.6159666328748,4.5398189655633026
-44.679213464004526,-47.62561591758785
-56.377511703411415,-41.35235062348176
60.342523801768834,55.7811845221402
-33.53013289525277,-16.900310836986048
23.933261172807086,45.625647462982336
-27.41091260111573,-32.79077762634787
-35.35271163819742,-12.64651683014819
-31.11875570875129,-15.387830561280996
-50.985120389733595,-19.68749110333308
-16.628963390160337,5.371986571606428
22.366826081121083,4.354143747626903
-35.17182742384935,-26.974815630593316
53.61288812303108,25.445204579946633
28.516563559202353,6.582858868268453
-49.64080655413491,-19.243195108428218
-75.85820639737848,-6.834993047865456
-38.17662987788539,11.526959835742076
-42.55875411657154,-28.224324985428257
53.18793543838601,45.41649215134227
-22.853557524640543,-35.32769956287203
37.82003405482706,23.74072970575601
-39.517600146117914,-34.27239856000668
21.306197071208594,47.592590468690645
-26.866296698717708,-18.39194569395624
35.501414509846214,32.113814638074615
-23.546868363145453,-41.59420656719879
-43.63310684436588,-9.355778643953588
53.97912308714865,22.86716542127131
37.61207287306395,42.130309648145946
1.7835795643632189,50.03953272734185
-22.189193728046757,-30.668172008284536
23.509362459367512,50.2478528778556
52.25633484357274,21.569237741287964
-5.179243792464668,-77.14760334775995
38.73321474924407,38.172841005898086
10.523521244225968,16.038415368241637
-7.1056632671640045,-14.165602789485545
-56.624110999063575,-28.1210848711753
54.94309479806225,46.067824093094266
10.552757317675201,13.28478634912382
34.33481811926515,39.23656716129571
-78.30228888847887,-17.199585422522052
-15.563711193965279,-65.15519104758728
-38.22195610085029,-6.197353141528215
-2.8426130868991883,-27.23977899460702
-39.62466286618325,-22.908994556644117
-66.22541933111978,-23.102833577716893
20.94368673672635,30.708516087970512
21.45032696781358,6.1742432913389
-0.4273292031418592,60.78854659695758
-35.774974264697235,-45.240134895116256
-8.245332425520523,-25.7800890325921
44.06120446293194,11.609306262166513
-12.590775776540994,-12.390111447891638
-43.201654034101054,-34.97673305695102
-40.5330276358644,-14.409993232069844
40.84689222044825,40.622761113768334
41.679991398239096,30.19918607909292
40.431224549251404,20.701155607530538
-6.23852528941385,-37.44340935750701
77.1593205505817,23.133343492733783
-19.696588215676396,-25.307876733229218
0.12838095764513469,12.255290787218197
11.673511847219949,27.11852238563539
49.095637308459715,15.479745226214806
44.50619180611032,8.639432973335055
-15.437406983361557,-72.8359583998298
-17.06408659047775,-42.72283758037823
56.590221960448616,16.4235075082724
-65.67871961809072,-38.28257821132054
38.49127011824095,38.71647459527301
-0.2744642335655776,-33.14705147512255
-75.86014709419379,-21.427434022538478
36.761200980534454,21.823441809870253
14.768056545623516,-27.97473530669297
-6.142898882933153,-31.253043279806725
27.14094244346637,13.000930157439722
-32.82746718860014,-54.01439815140686
58.16087820675831,28.754041531783944
-2.7222742091426397,-18.635504913479465
25.41497632519471,19.693030019249438
-10.759576895050106,-14.97616151027066
12.111655326145787,-9.278243721566572
-42.56224311284439,-27.175705686777683
-40.615511191212406,-51.57282807317519
16.902745960210375,42.98645061939956
-5.743963578235402,29.90397186674897
-30.73348237122177,-38.45836866309254
30.23541809011556,56.835327154069596
-63.7995675182946,-25.419426463800676
-3.5302608285442076,12.262940651814816
17.657553723881918,55.85729386107887
-8.619836717130642,-46.056636175550565
24.380838483990964,23.390112500990455
-38.978699051193374,-26.833101642555263
37.32265735450767,22.610987266778547
-54.53705115971421,-34.58389083928229
40.211881977454254,45.09338183072606
39.08628216523982,3.1932921372719036
-4.892085927212094,16.8717894268194
16.390973575862482,8.320768055381432
1.7880819850662846,-49.74088667617069
21.71421293719422,-6.634482856939012
36.61931445572736,63.13386652476754
17.28392549484996,42.56121365552154
-15.694244768093608,39.02719680967196
-29.435661357400868,-66.18559808298248
44.36042754735225,54.35180153141304
-36.03226365646893,-22.108185215065912
-5.224137969857587,15.096589336484671
-20.78483919311464,-51.16666734881477
-27.568943703260143,-22.822335523648984
51.715193612224155,-14.656373697768956
-53.93211250932622,-26.394010918343596
-52.97324612423669,-3.6207166037562466
-6.862947402268734,-17.451057564075228
-14.345558692692833,12.960728467054643
7.446657113674991,42.593925967156814
-34.869981098195694,-41.90101858157452
4.524624191350263,24.157114919510285
-53.64758601047008,-30.348166441645287
56.46622955547339,44.45463913693562
4.02626570726207,37.57773106026399
-9.670136578234256,-47.478415095693535
48.26496215515186,19.63613976504179
-33.23361203447898,-34.870026382833125
37.767641727254045,18.996725449124813
9.364323464020035,17.99184227368628
-57.114632563465996,-2.4040281642095884
-63.74461354763031,-52.663623900233326
45.37367526264282,30.596633553442153
28.326973578460148,15.245071850906548
12.812918371948925,-22.800625741047526
24.3220879743024,4.133342121945756
-13.619965970340829,-28.862719795763233
-42.62326836051564,-21.61941373193405
-19.307157856829193,-44.895999379895265
-24.808603183684674,-38.1093902246996
-28.963065937606107,-26.626492758047277
-55.10720130162758,-32.695456274166524
55.44107979856534,9.804355620352887
21.292781725149144,52.57400608840797
6.496171902596707,-27.688676728802676
-59.442173288423334,-4.212377917836427
-42.308461413496886,-34.87364704654499
-40.953390518094245,-32.498756450953046
60.49179131700894,32.17501653276589
-35.13811402296579,-64.54924907707108
73.80846857474225,4.465432784546856
-24.054411741810917,-14.863775827670905
13.619254037908483,15.336942492666964
20.492991360034033,8.211406844120404
-24.888939860067968,-42.86988653395967
46.86252803415334,44.988411995691834
-3.2240745612020802,35.91247359647774
24.745806583752184,6.7046039297401485
-56.06701417657028,-34.95778029030546
38.549460678926444,31.36621767687102
-52.40492818955569,-14.909754445468304
22.280483293847844,34.16706012700529
63.19734143748443,-8.858321684713573
31.764763158572958,38.11360111602689
-40.34456260281104,-24.529655380814866
-38.512020311402935,-23.795752674577805
-23.92142717095305,-66.36307419822037
-5.023881861695646,-45.27741339340261
-39.909317867012554,-19.470569659479917
43.985906067911536,16.96777658787518
-7.392229216393229,-36.187229868399726
-43.806553859598345,-23.810829268354222
-8.234478209543475,-48.621028366608904
55.31118750030777,12.603672123488622
-30.048329715888148,-19.740332895726713
-39.04096639170554,-30.321168236110502
-12.820790645512673,-13.033808884364067
-3.8119372420734337,-0.06770257309526073
34.00114349308135,42.7105257913886
68.23146038508114,-2.1441936273017674
19.131684959078633,35.48867281159569
-49.87565542015154,-52.061125961923025
36.64258938253571,20.583843321181696
-39.7319662566096,-44.97120680057343
30.441159827957723,32.375845739258466
11.769474329048467,38.88002998063743
43.772964176350555,35.74255816964069
36.78651898415773,-18.045975224735606
11.441820757509412,15.775256090581195
-59.16150891077986,-44.01303560622305
7.091031800333802,43.004283324922525
-34.44853780505349,-11.791696078168503
5.621454771836277,-13.724555702529166
47.282035864132396,32.65675443178202
-14.947421761429275,-36.15850141602106
-36.96495707872989,-33.04745167173257
18.07041335736292,9.075815481035953
-77.58884214154662,-20.0838508911657
19.6013624720185,15.254491879952639
29.111930326322117,23.64645413280401
-69.19393647140575,-45.1264955387418
-24.167534951272856,-42.82073975008089
7.835753475233531,4.800040010028873
20.38034631525954,31.879309473733347
-12.12041454696761,-17.62212496943756
-47.73315327488696,-19.440670749704942
-11.652124790810742,-38.31524032643006
-72.99061998600212,-30.87869306254422
21.455187709244854,61.640810705407254
-21.00418727254692,-18.827845461543333
-30.58602821944395,-21.1256241665817
-35.39153556803234,5.756878336518277
-22.001291964144784,-51.72861517671544
38.40309393514475,-18.699445162381608
31.220233874687466,46.091588402240944
31.928380868065513,25.717928718460485
10.694170437868461,37.011909944694345
22.560587874675374,32.79456458815792
-27.362715687845515,-18.23600641611024
60.540391931155646,9.359385032081725
14.519043109037797,13.24055956774372
-11.978294954592236,22.122531049548375
44.59078465631451,8.892229372239633
-9.738553388627963,-34.077134987231986
-18.13032574717292,-25.08738225209339
-59.00441023950079,-31.615162391015083
-52.48058144904701,-43.115453040759114
-29.741209248839564,-58.056131071529244
-23.76554095133115,-10.93618985328186
44.46221750220692,39.61956206628685
27.6531902917557,9.754188302542733
-23.955721648602072,-60.422868413341185
39.19094476233651,60.50227795562042
-14.85160970821817,3.0004942619429578
-54.32141882782203,-40.013196225749
-56.38125118991185,-52.07772749984141
26.35890748078112,20.9471423459846
-65.35114280624671,-61.995296946067995
-43.43158596025812,-47.60347155060083
-20.1690353756726,-35.19174019605834
-44.4976507752061,-21.890838405996867
-3.7760981507846196,-17.09876624052125
5.56636800908819,17.898140028494325
48.51533936524355,41.24749008845707
21.599132149225227,77.57046781557446
-30.936949140781557,-22.260701858543932
3.600026562542986,24.1861874641531
14.849321638505291,10.73596534120163
61.4913674615687,25.529376411258557
16.3760715947499,24.656337713899376
-6.545582961525199,-23.534185594752774
-43.13589171634987,-2.330599764172266
-5.324614624776622,5.0424375734575655
-22.263682293076396,-14.693728728144492
-14.609805811843124,-48.646053603256334
26.34197100613573,30.409619941157512
39.87055381231596,14.85973737637594
-19.342625863710502,-39.47115841614149
-0.6140760184865179,-3.937268183970634
-61.56667521510934,-51.484071255947626
-2.6342583791343657,-54.39434361734435
-7.170406954834366,-28.419672809119465
20.559400156600283,48.85341485418779
-21.69664304625362,-31.60760302301565
39.7961903046925,51.391539260276794
-21.33372148244784,-22.140596518414604
27.7394113693143,-10.04602570726135
10.040053643573998,55.81229945313479
-32.02074382474684,-2.8799316600451554
-61.701005055114045,-36.02063868369332
59.93823487953133,34.241852596686996
32.43718029561365,18.184012555007243
-6.220353338371673,49.07657139953649
43.620249595256084,24.502454617970255
24.752923718177975,63.837144528204945
34.100444032953476,60.28089852385534
-10.410223475197615,-42.873106518163866
37.697362325537085,33.85093027910774
-3.178855429361491,32.64006697032597
39.38545584252813,39.80672084257854
49.71934052059311,55.828745914206934
-33.133431813013,-27.93158029826911
-33.89653426794257,4.828840739065889
-28.097826893642456,-16.085930177638044
-11.728121266382033,-54.737997263442296
20.20265135229477,24.56453220500707
-25.8777994026741,-40.505170274064696
-18.40026174970364,-20.748667285876284
-34.32176785120501,-25.075748948257747
29.760051730889472,4.1227531149161365
-26.88342385306594,-55.18315015448067
-56.09539939358419,-24.378847876549916
15.455762861465319,42.435633355544056
38.62908160171116,6.149998128490715
-41.18783827652358,-29.13300800324818
-29.503441054172807,-66.9606111467733
-29.233659894229056,-41.128053751217294
-6.309410678262818,-22.12676665976194
17.644314131701748,77.62901709636097
2.190929879873707,53.75630288715532
7.07437728745078,50.47008587789268
-32.863339704631166,-2.7473744202867465
24.975813922157233,17.09731524952032
-5.9918937246534085,27.822218169399697
5.719998203060904,18.461341066716372
48.574115019148266,4.741397439394991
-5.038733066140317,29.47753806790501
-21.150013091243306,-41.45867804022253
47.8177679513136,6.564756537820003
-38.480609706096345,-26.496560866924575
28.44424104990757,62.77018183560703
-12.984714514548827,-20.146498079488683
17.93907488984817,17.060121511908974
12.012084627805407,12.943372101521824
36.64697372760219,32.145148345291204
7.244717608474822,25.97976226470263
50.8362537180062,20.025032018901538
-24.389513378026447,-12.233188649830499
4.472570662621575,47.68040222904311
6.910895968398762,41.6838554621513
16.842963476916196,6.391744412948441
-29.299153206375273,-14.680612501864704
-2.158201972897295,-35.92659084122332
13.096901368797454,-20.075342755135168
-29.770470660527216,-54.16382254516856
29.24093943127875,24.056179993318665
-29.77647365653923,-33.51820795215789
22.729131064670575,60.63915931656353
-43.26441658091713,-19.754810826767205
32.642283021782134,24.68928339115996
1.3488705058129895,48.49875950821903
-22.22045862917658,-40.79545791320915
-32.341336747374804,1.1672626891717464
75.65625901877056,48.80450475534619
41.6545029137585,33.7346414671655
30.197435395733823,-2.115434673106442
17.759007300856837,21.82139858517217
-57.8272045719539,-45.992664195440675
-11.503250240418346,-23.707119509516346
7.321357381762674,-2.002346379060338
-42.57552873340231,-10.837612330142306
36.73333816927771,39.00113564248032
-24.449817815936395,-80.54670336572038
29.724578363241235,25.78006181201273
-59.53902006290221,-14.055761699286053
-5.561221159061709,-21.884560980281513
-19.606381889347098,-14.024532972329645
-5.491420288779278,-37.272160569992224
58.89805539619218,1.7763427814951953
32.22718255788746,20.164229205542544
40.30033243632081,30.519932114791757
41.42103094961961,49.68383736985956
-36.355620686038904,-19.598712414609533
-10.142468594465456,-39.6861748141211
17.19062068623692,9.686098213975889
-29.09957214033996,-43.732463393734044
41.88178649127556,42.94021393344447
39.777347980722176,26.542760962168444
51.084137006537546,42.65003577437223
11.198378418890329,35.745466822420475
-42.10080743961516,-58.03070484355694
4.952338949302124,34.673540521504364
-20.639619729963183,8.014699089633702
57.42096358300437,83.14839781896201
-6.452949016581453,-56.279081222518855
-30.633690208542163,-24.849842621475737
-54.928641549412056,-42.95662879585862
-35.93365497511838,-6.830549729426853
45.76306474546486,38.117185051057206
-22.290121576121766,-77.13791408488534
-12.035166249293137,-41.199243983703795
27.24632627818458,8.510331121299323
-40.12628985685318,-43.18050027592055
17.938602322098767,2.875855180636883
-15.336985101658051,-31.14810695217104
-38.06317935978983,-26.006509551143438
-44.85609559241617,-5.910131020079735
1.8146095056825047,-4.80754386324605
52.94317838065754,31.057867637318513
-20.109928222561457,12.167596335869536
-44.5476960676973,-40.23751196252181
-48.60967374924054,-47.08565903201665
-44.28269698887045,-35.09203708494017
38.67475583969436,10.536202264055245
-1.9561764443950977,-57.21873564417129
26.05085877095673,23.462580373182618
-51.59911316779869,20.43738376954679
13.949369423394515,-27.861550792859024
17.194356057084363,2.5248862078900842
-10.971397900060083,33.85812083716271
-0.843089718003359,19.765962693707422
-25.56342067615919,-38.883322630703034
35.27200103711388,59.56066482570486
40.53578130844683,40.75205791288563
12.486268461366102,-16.468927354776632
61.43228014112118,52.01648876670117
14.44346613213848,-1.0667343049823508
31.687064456188768,44.17457304736233
-7.370131265522744,-30.14822665370246
-8.529783396818594,-39.04467085009814
-55.03138153613781,-11.250079239999053
14.874986936948716,24.271484783184682
-38.582592504405994,6.4606391908913565
37.609271175080174,29.093526520851945
18.48540844862191,11.571356006466594
-39.36483992630915,-40.26987440576258
4.9043214719567345,85.58461155989536
-32.35825457430328,-6.614246526390005
-33.92085834843848,-51.86350434213554
30.92340683615903,28.95371638034453
-44.716925352658265,-21.609494640862522
31.22781117317337,43.99799209141412
-26.920629952952968,-32.86979119703906
3.284679447073543,-77.93699788424502
7.816396573672634,-80.56325075068179
-51.581942427244826,16.526519150063038
61.8303910357689,23.322024886012443
3.452147690770751,-29.822970567759675
-33.08291286302621,-40.65360169967228
-2.380398271067836,-71.88706878861579
-33.20665332900044,3.395117402603546
32.08525238035593,24.695666757587624
43.73183956965086,12.368119415066083
-6.481460785571613,-29.865410884972423
-6.574774719523681,-40.68182784897766
6.540760012055024,29.41138107965455
-66.24509673874825,-53.49201248021897
45.54700663449869,17.38560709097658
17.73737490277524,48.10943396871811
-13.004557186722,-31.52996681412829
36.41880027703713,18.461451930090988
-34.548833130292195,-55.16088718886742
-12.995632561997748,-41.14403639610922
48.707325180370006,28.6954124576276
-2.933938242940922,-80.23050919319118
42.047217486256045,-13.76677414495424
-58.591893504343986,-46.41518294498958
-5.716254733077861,2.7431716611584704
-4.313605455114285,-56.28141398586491
-63.398367446874644,-66.07669778539864
-52.852195131963455,24.496160728724647
-12.149269600902773,-17.77558607688383
22.93428935885123,30.399575020462652
19.434375151474946,-47.44264614612936
67.75381747198865,24.596351292699268
-40.0642574210038,-32.67583222522181
26.251239800629076,15.004663993912683
34.95861054168753,54.67399876689855
53.311571027233605,47.03054452447195
-8.533619012734356,-41.688004390305814
-10.80095513449858,-51.20629561261886
-54.87028001388047,-33.18989368777705
-21.006357770407753,-5.353534975306218
41.55364016038804,-18.801077428620573
34.94373939552179,4.093971481139285
21.315082266424398,27.889836612446256
-50.93069347249386,-31.171323745585788
38.69909317572699,22.086158698625624
-41.20904788020191,-15.223188406257918
26.8837113062203,32.523303501074146
-21.858107560570726,-34.65568041864465
50.254875700695116,36.04344676047423
58.13380013115384,69.75400667100658
-26.398213933941413,-41.17211376790556
38.28123654398521,19.020595233606
-24.420500989821676,-40.87424276895322
-20.615907445874605,-47.94522622926487
23.89686591029747,1.713220622459552
24.25569107162712,26.826741290295715
-15.734495365680495,-29.114540170622668
71.61833759174836,7.861299326880822
-18.816767562922116,-23.070560731353915
27.80259468290785,15.489815641858986
