7.758929032147922,19.959787110879674
34.217083213065564,11.78628806228707
-13.6897504037332,-70.42030107384366
65.79974119454144,29.003121627427866
-20.24525041354051,-22.743257706295708
-26.39950166025806,-22.5261727978
53.33573704621094,34.91702536096248
10.331877012779703,23.27821150312411
-46.48298729225678,-39.18810683527748
41.11667138610904,2.620251219732399
32.633650934472435,9.297854545893188
-19.71392741348773,35.133166156684624
-8.571798592330964,11.860003527442938
-56.342973918075984,-38.97117687130269
-18.585191990147315,-31.86029139634614
-52.06221731185842,-23.582220039154144
32.38852317206415,18.049244003121583
30.03324702710434,14.728000248730734
-45.66774823599734,-11.2510026284961
31.85441582112947,57.33583825791353
-39.110001963276105,-24.873440332978497
-62.38761267422798,-22.37503711166329
20.53990159851483,65.47140000595303
3.0107750064386423,-46.55104661575001
30.90698581373121,34.087728741742005
-34.25485519402876,19.382322346525562
14.634170070690244,16.92266464263635
-45.4415757772356,-17.312395925782884
54.348701369631364,38.13669684514154
35.472082117095034,51.82831049891713
21.31042388819168,52.30789216555275
22.398151862917107,42.05940048033335
-51.05114317338882,0.1857691721461947
-60.59921254469408,-1.5755890611953127
-77.85742627792749,-72.90740827063723
30.17141822114671,38.35234895564125
-45.45447418803401,5.850019654773639
7.020262297968735,35.268936221517606
-3.901152721709291,-37.19958434765053
43.71629396201207,32.411789775206294
58.743865145481585,40.6140400553745
-41.37907258652694,-27.08018954705332
-39.33163054068021,-44.94094970758629
32.84714549276229,12.425318452241939
-69.55935015794348,-41.22384665248299
38.165994391125274,0.37216761916054253
17.385823741160213,44.53626377114199
-65.59513442527995,-26.20473593576518
46.36945115977255,54.2372738622864
-41.49523436983071,-31.951435797484297
36.85011459146157,11.075197774094605
58.19820786953032,23.75492763985416
36.331791452510124,68.09989034434967
30.575479326813333,31.213478833976936
33.94467457211045,42.13128679542248
-34.3335137520002,-17.031393565202652
-35.097624352680455,-64.3672761413543
-65.60113222488874,-60.53717172672147
35.110045987811745,34.81500167618633
26.21645300210582,55.822606581048106
36.83877356885182,-12.157422399192235
-43.99576147166511,-10.732941470807361
69.32881282890682,10.481860823613513
52.0729909993601,33.12814348226715
-23.834815733504165,-33.96903118047221
26.22500827323026,46.9164283834634
-4.854311715619364,-61.83148909405736
3.644504857401408,57.16036905766485
-29.66429472734401,-54.550791958473084
25.403323672480262,26.210631565750095
-58.60009495116177,-20.871079792481993
-2.3430627246772247,67.11431930385986
-10.097399595442742,-40.47873462427442
29.826044719914062,-24.62622889946242
-34.91347081757091,-12.39017124709748
-37.685460595306594,-31.126148198007833
-32.01173645717892,-14.581068644675124
36.42391343518049,10.008329794742245
-12.095510592215547,-10.688538315732366
-44.484209837197525,-36.74118743112219
8.467039532248577,31.07013995840212
-8.748293222916356,-59.38255841137995
-36.419671645863545,-93.49215998274187
32.92056374183173,17.073362552126127
-4.643152721723176,-56.147756412082146
-15.72752594696535,8.932986766217251
30.344858330779402,47.85519407224451
-50.05216402844276,-60.76898283703008
-29.95662336826528,-26.82792640568983
36.599599023858865,28.940604176311723
24.859581198527735,50.717127844406775
-18.611621399314657,-11.372427119073556
-56.69022944887544,-27.11372341224371
-9.943759909027598,1.1889566307078958
22.116029655961214,18.484475078671892
-26.180893725596597,-24.50363694280534
-30.042444443896393,-45.705524034559986
16.339769475486747,42.91390278374473
9.700650349984684,-2.04671247713015
-43.70607919759715,-25.581948227441536
34.38646409130784,22.24117586546858
-56.17623496640934,-44.33564327371572
23.100716227905426,48.714540860377504
-59.908218821518375,-45.822608443303565
-19.09242819388367,-47.546771729026204
41.03384374922601,-13.966958482434784
51.0016193549243,-25.279279012334896
-54.68341745913724,-0.7718680148234078
-13.04584001081767,-11.638496566746301
-21.59954230450534,-21.820368641305077
-38.35909801257774,-42.747901702445056
42.67283718500347,15.062639623879317
32.14855746134965,28.45363749274887
-35.92432816448461,-74.69584567956464
-50.568628269537655,-31.55646781379231
-12.036206996647913,-52.274498487488046
38.2820517499362,23.84230902550926
-35.38339627118197,-4.73118465922305
-25.121139600301746,-8.837627386813995
-41.581695878036186,-56.649580353221026
22.52985347778828,55.69517237806593
-10.160312143439619,-24.021499659480067
9.281058109656165,22.449847837861082
56.914091946789995,52.80544832511301
33.52740022800657,30.935678215811258
48.82721249658672,63.370401969495354
26.398122903129014,13.613124143318363
16.698286901517314,23.275641554895607
-28.701230589988715,-2.896814964990199
24.139920949386507,16.160843628757924
-28.795099950269865,-56.30091403190153
-44.405317357403426,-3.6791722776014097
10.63343465820121,38.053604113641526
17.165325184129042,41.9439727199644
-62.545679898191224,-17.813226124481602
-36.82060213180036,-35.981403715465845
47.31555077762998,14.566231748768752
20.834621586721514,-4.581017446466127
29.199064214044576,23.71324391482313
-14.226424060570606,-36.51143608328513
10.245312309519154,-4.77930291657411
-30.135581217026076,-30.42149379450845
3.9067687109156957,46.43186502647683
19.232744196689488,20.467093259227926
10.686389781460186,5.174113760882079
-51.420745679434035,-10.167815368040504
-39.94544994969842,-20.01444873708941
3.828921056340775,-65.62689212309022
-18.15327054889357,-32.49680478482671
35.82356590081551,52.76716887283438
-28.82678863377827,-30.981440863885904
-35.29006783032526,-30.408034353557753
4.904555634673969,5.034519292309085
34.884408439065645,9.410860101569991
51.2759312752047,17.819331030225662
-29.95574855629288,-60.55116710229389
-3.92613620772336,16.50360700612297
-41.09303243280736,-60.47418590981091
38.15890987899067,14.970242545920648
14.001887665641366,52.56665658408579
-12.056700957060698,-8.31526430171958
-32.205176292684534,-14.832407199894703
-29.04918232686477,-6.739422881745632
49.265903438885125,8.870902412583792
-20.501317789079643,-22.113643524350373
64.0707591286356,2.4090237867879267
6.580170228352152,52.61787728375177
-35.25909754759224,6.353272682889248
36.125480929642436,12.046170652234945
34.59428160610446,36.32194241188446
-15.768934898151542,43.3320624125315
-41.06775031685365,-25.34269697166271
54.51885892240781,53.00225992431736
-21.995282212736036,-61.940726179592474
75.9661931960932,17.121653301284155
14.62831511969963,14.006044859293436
31.025803101749762,9.772718515727504
-27.94622176515108,-23.01806228344652
-40.246508470108594,-8.634536183327057
-17.667117182654454,-29.93669163347103
21.826851263283174,45.12205156820748
2.981063403136627,-6.607513601855629
-17.11399504320177,-50.3613515667711
40.165203927484555,45.530015677722545
46.71485323545646,8.425956915859885
0.8342192023918997,-56.18986606322564
-35.89166330270898,-46.71333445847002
22.987403594151658,19.28508291638323
4.511164406751909,35.90421279785591
-25.691449738318664,-53.41004312983118
-39.17538489896912,-45.97151429303694
39.80170097625851,51.76824509279125
-15.411483296630681,-4.678263494465366
-59.83995426602881,-39.14525896648549
-12.793336579090479,-59.969567243905736
-32.65115927982605,-60.63505705684449
15.953154725779612,-22.825218475421885
33.862687761718284,70.90633421916479
37.52631719906191,44.27208613030639
-5.761634432061452,20.4778810063666
-55.70956817120474,-13.818966181612524
-50.02327427162286,14.313220585792116
44.00037120846462,48.00027486970933
-27.34290997649326,-18.564828351813436
-47.650257699108835,-46.96501422045624
-43.109794070392525,-7.553451027423058
-50.513244814497284,-35.8578202564243
25.73020208987207,33.622844321193064
-11.610881399793552,-51.334343521156796
-6.899398985056713,-38.35495249044782
4.5687582387299415,43.29823089045842
12.862196667005211,62.652160660460424
21.606681013879626,19.340927943181754
38.359574223056484,-13.644357852233611
-25.359066842140997,-18.62373003866471
53.66260449142043,18.035783790928864
28.328270138702393,22.053019119814152
22.885103388684733,23.79947807880641
47.70144736135786,35.386023839344816
37.35432139836833,26.172008212111958
-27.99516160970916,-33.70042375083467
-6.296081514746831,-17.60107128324948
-14.96985947344963,-63.28019060155641
55.97451759863695,52.676680911578714
-4.154131086836379,-25.778366999436077
63.28055360272596,-11.443860355071038
-0.8988414484594252,35.56435885841839
-45.945541485527215,-5.381748673196217
41.024282775259024,17.031281530906085
-48.67344581105106,-37.565871251499225
-41.890588612767246,3.461678976090184
32.403046278125615,39.361613934130574
-34.36488024929104,-34.527435413409954
4.254617424286522,42.24533650774481
36.397460191373554,-33.47393373153263
-4.1457697260943185,-35.45733296458388
15.881635951420776,-4.723546940184992
60.40426322904619,38.20738125201755
37.788861149324276,64.1853963837294
-25.772091498423457,-5.759167878415319
38.04285955769719,28.793388091580404
38.158117367645765,59.07050676334623
41.92734301065944,26.093384305735462
-13.593168552219339,-14.265544713095847
40.28431279378136,30.301407167836256
-31.552433718225853,-47.58953897873326
20.520465959702634,21.279664859691437
4.935322115450596,-39.52368450034177
38.901379332963444,-4.247403828479548
36.79676478523912,43.737776279312634
20.96091830896331,7.598107932109301
44.216609795079094,53.2444192825204
51.504651526583544,17.30410352199353
-24.02237477135518,-38.35762405057635
-17.559226792556352,-47.853181469064495
-30.82137567332701,-23.96211454948812
44.11824476802246,34.295278131727095
-8.114671122101406,-34.06058578205143
-42.328712699211025,-36.001771260067684
30.090586148352667,80.20196311774244
10.818795695552904,51.41638208076829
28.322408476057145,17.40600212574701
12.210944631314852,26.676601922460726
6.953623764913498,17.68091392199647
-12.279406231142755,-54.827422060918146
5.753164546967135,5.978931405478228
-69.70173497245499,-26.844404313028825
-10.61848801022144,-47.30617256973327
-8.702593256695984,-61.513095928009534
40.313154930299895,44.31237058663879
14.968787226666239,40.44922869898917
42.99758560418566,22.18270900150305
34.60902245290145,46.860530093791866
-52.71339245177448,-42.55638508936736
60.44013247810082,43.3090025953351
-12.869975160499997,17.861220413473077
-54.59639071778011,-53.35419534760046
45.434831645542374,43.61281863583911
10.525067162311963,-32.2194462961471
36.19970583446096,39.83840503347928
12.711023238952329,4.924470998361127
-54.978695243830735,-56.23664983098892
25.09564900899572,-69.9980723453883
34.88046869364533,48.54916250530433
-32.17395254733516,-59.60649521584159
15.425054028020712,1.2825639675165235
8.050767936220321,-0.09568104702280422
59.60172372793878,25.932333509027643
11.577566290739263,-27.743937560718745
31.209885340403257,45.701023261161275
-67.35847784317328,4.12310546329207
-5.025548789554307,55.24927879104361
21.521584426630398,14.786981828469575
-74.32695373524759,-15.1029643722501
17.893405178343578,42.32215948410024
52.56014318058106,33.1269379757628
-1.6876498469680534,47.175987910812765
17.17171622235423,-6.746331133420711
-45.04531583332639,-16.151990000417126
10.91615985720081,25.434123557240106
1.0367817208183894,-54.3583213023883
32.62900443887849,54.99956344862272
-28.8953526220435,-51.645029159842395
23.969754484996475,26.15593639653686
28.247299145598177,13.645433883636056
-9.961052197768648,-15.132232916962938
30.52706016804914,32.88539988791215
-38.474091580547785,-51.8354538497226
24.40375244627301,38.50708529987362
9.299061390937268,26.802058799144252
-50.08438372920292,-24.180839659522615
32.63771343672678,8.001642326473334
27.84527151654336,58.009919186916264
17.079391398925672,28.09152620227647
-0.8309334791487046,-27.736537503981495
-15.790280874057828,-30.410112555214088
-37.30520102165005,-21.361258186717436
24.744349590346033,25.610015579631217
-1.9045714808343028,-52.17690858154972
22.14469208793151,32.63332125246997
-11.613436152000418,-4.9904608858680675
24.233601765689215,25.042453583967045
20.083610928242376,31.552169180680387
-32.41831691940045,-22.743129783646033
-51.18497341535525,-32.12360604529254
40.14413073790205,29.315779602216466
-17.23409861252002,-40.266982071902405
-38.16648334502599,-22.260972580184788
17.003460979864812,-13.301304715150323
-21.06427370591193,-25.1946754970394
16.365843709468894,-0.46787982358580393
-25.092629684074883,-6.02127176041931
10.774877992685468,30.977649653318508
21.50811003046556,28.477431238817815
-30.61021692671153,-49.09050625223164
46.39851417470756,30.00363068286965
38.216983515516944,21.104051262029653
40.68922585420044,17.7389169937745
36.66762095275865,33.24197748403994
-46.40525437917813,-31.952285035640376
-57.85934287287108,-33.702206040555176
21.957760197552425,16.29744173360953
44.96942175965746,37.592912375643536
22.405488141297678,18.843316584374634
-13.259354331705527,-26.07837903924636
8.753874474181519,10.13930953418744
21.22384393223808,31.069446568812893
-34.51275602528418,8.896767970032982
59.58442761089396,21.14252807678309
19.53025257005924,66.83173783643059
-18.791463823117695,-28.42643920301175
18.27550475926339,45.05545288705353
-56.20643030254153,-28.64647996098648
-7.245975740278681,43.536901957865254
44.33947931334854,35.03223214975321
-35.72991986626657,-42.93184120980692
31.217651433277773,38.209499547106255
-38.131874365787404,17.39303549798511
-1.8316866242962213,-14.989158457005441
-23.189936099697462,-40.55367076584812
42.29930920436502,37.60630102524027
-57.88131886636263,-34.21158718529923
28.02873920812547,36.92851808830344
-17.565680864101385,-37.646951409515644
14.697767625946515,23.02613629969415
-22.60322706886966,-64.1253112904181
45.0825787767577,-5.9236205201786944
11.061130193383963,4.896203024998819
-13.21108152396193,-21.855580480310476
48.08115647409898,33.48485369157535
15.844391591089945,38.28947007115454
37.068004925551335,40.45966350931904
-49.11399019954385,-63.9229540747018
21.81781956098795,-42.855469183847084
-8.287706491809445,21.518077835771738
-22.369480150453338,-69.40873555152312
25.05816470122809,63.38392127248346
-9.256083501400006,8.077046698876067
24.190983637658384,32.73924075604037
-39.041235539102914,-26.653364859721144
3.524846671642507,-20.127429059974396
12.554002685555822,59.93788002358242
-34.43244915753938,-19.0416611472549
53.22376537230352,48.30022106648306
42.0653558543826,25.650492210935468
20.657913749236503,24.572225980491243
-19.69127093603318,-36.89552924363619
-81.42823674969407,-34.88973622267131
2.183839743550333,23.323077580333113
38.449631956644694,22.038047045900694
-9.760155431903165,-24.861577213818947
-31.33261671828374,-34.564980680604386
47.172176986811294,29.614714941975148
-67.25525547119723,-38.96963928432429
-41.26998675324578,-46.55207179391991
-5.903081801346435,-55.38486230066262
7.628297710862441,-6.21069069291454
37.807499199609346,48.07952809706724
37.32876063156988,34.003051545856316
18.96413950332271,17.06785669075697
48.744915050431665,27.677416533805175
-28.348772832894504,-50.02930491383285
35.18042830530146,21.191873638426998
-3.451930015538906,-25.397441634864965
-29.616892218231747,-47.49892672861672
-29.936197212951836,-8.760391408564136
82.92803423545422,18.010515015589156
43.092847718020444,42.74618887108832
-14.378376183097126,-16.21684470288713
-39.86920446193718,-18.063033989965703
-25.604967708886523,-22.832600786205163
-20.652613642918343,-54.042508001763636
-69.74728483665045,-11.649703891801366
-12.06673698720154,-27.15921468782456
-3.764534107609677,-1.6668159272589023
21.560480150914927,22.19650248729176
5.790186613389189,-51.11387487348213
-44.649040948593026,-34.11535811983208
45.41061738563183,56.61828311452187
-23.183375188045897,-34.607924228021695
33.49184518418555,24.35660069811618
-42.14172827522668,-56.263226073479444
30.305719984677957,45.04529958101449
-57.144370691273565,-31.643335475887113
-34.43826875070704,38.930669328701754
-40.51192099417745,-37.49877719866708
52.41882960937629,31.780275860738996
2.257092607285834,30.07615059458942
40.86740140874258,12.814074418076476
43.18397092927195,12.241176008831523
27.96625960524102,-38.746836710447376
18.038378452411937,44.298435808722694
-44.59777466828522,-16.613781333025464
-32.18680388988592,-20.65148211923799
-38.05490964987962,-37.08466521128606
-13.576842065841578,17.096951045550732
41.559739566280626,80.93361934345246
-31.92270631242728,-31.798356113711336
31.021467658781635,18.237956601221242
11.40531637537454,26.225907196538074
-43.06543774888598,-26.95103362582592
-4.270524028919127,-41.65466413493142
25.16949259153062,0.16878895069742583
-51.801799661378986,-39.3753544118317
47.2628828207191,-13.380859857297693
59.221935183996614,57.687056033974116
30.53718482455045,-7.216216836931586
11.003745048816228,-0.10736461420876964
-58.410362731048146,-29.235001783543453
42.33774949106551,5.479271670991267
-99.81297891775716,-16.60458925320166
-41.10858853965297,-29.415384601509146
-22.52429559410363,-16.669260846712934
26.48561453648763,-3.7302010542546498
38.24465360554527,22.813123937714344
31.637319664458968,71.38262806288272
-23.98371755982381,-51.935264306766484
-63.54958021208448,-55.88087006939942
35.28469671611599,13.255439442322551
-22.89467000881671,-31.57093086681611
17.66108573387239,37.166489202770116
51.51140559259905,59.46415919306083
-4.931851073565387,-13.562802333233122
17.53044494859638,34.953539930966656
22.398964759471482,40.16439557200202
39.11381219876307,47.58035942793048
-24.593917109946638,-16.495491454403393
-37.28451525434718,-22.448857983944908
-31.651376432155022,-43.224257824972014
48.47753112272062,44.24446098089831
-29.9227958540447,-59.064848920472215
-33.48735399183115,-17.47764581044391
-6.396558905350965,65.82133245654123
-68.66706226526335,-39.04372355365985
27.448994700758277,59.66633736978934
-39.244945223757334,-28.448426099965566
-17.396040116401743,-48.43473827897151
36.19370644048776,15.855263263948192
27.57407657143487,3.817924591698393
-47.06402100589638,-4.57476999125911
-12.362009682920906,-63.283164291903404
0.8500195301111404,-48.729234565238215
28.804529281264927,44.704798787268786
-45.72219585312249,-12.268741007588158
-54.2331892127673,-48.606966249949785
20.56098580062542,19.216612190945725
-21.401970908850373,-41.9541761964192
47.934699677035674,5.714488691808096
-23.250569007616996,-42.2731428307021
50.02990856610721,9.910620771556694
-38.06712591637015,-60.898659879241684
-32.56830641144451,-13.255931111529854
31.564307249703386,47.64008121078539
44.53014988025579,21.934481990634588
24.923598414951815,25.57965547698198
-12.688376824405044,-22.961286077243084
-45.07305267807226,-43.037523554622645
17.046059887592513,50.73178507187623
-0.24283567503550074,-36.218453184261435
51.482773269036784,-32.30812297475397
-49.7199138971298,-48.66020920315421
-11.474680552970515,-31.45105282626557
6.635643769043998,42.07638144229122
-51.475030181869116,-25.796524765885838
37.59806903403844,40.68307062259077
65.9729978705076,16.314436876380924
-44.446017888230955,18.57857025807003
-73.75940838926627,-41.582761860793305
6.830118742418314,13.841718897472678
-7.211981201679517,-32.03402774229302
-2.4215101651580966,50.25394239243967
-38.44164891787389,-19.15724687463178
-12.578709074540221,-15.543835096248706
-68.7108461717178,-51.208605550047125
30.744725952957626,-21.279642157134575
-61.225007152007905,-42.770510049721395
25.721315662160144,9.370437890189226
-63.52313051681052,-18.177838886029676
29.209793426760555,46.45659709699876
-31.841158035418722,-34.18622334479903
-5.074660895829403,69.9675572166326
31.247711835744862,16.784984116681734
-20.137647900158193,-46.17359440893058
3.36754916804518,4.446889492183207
-44.44110161295574,-35.37346530399306
-52.71389801457589,-7.934691426856183
-36.95189658441646,-33.43120547561293
43.789785194745726,34.64095291309036
15.980327928250178,32.883936301607044
41.873300477634224,57.27721278051732
-23.86181856245686,3.7809534911599982
36.437935964038004,47.460521221340485
-24.664867359541194,-22.569966599126182
-14.09793608606071,-27.30184382115545
19.59206822561751,29.617050855657805
64.83541217556211,21.785429208114067
15.829140102548093,34.112074244649676
-23.48726924643662,-24.139445394702392
34.25473023381196,29.041176793472417
28.05790943924759,59.214905446378054
40.06668464557867,32.622901950474755
-32.09761745975421,-11.416334113445007
56.7134909505547,1.7395996811903238
7.904805310196011,26.6566470978429
-42.135994792354396,-0.31127657733365055
21.024430928718093,26.74202369766577
8.63135682668571,12.191979018062014
25.7212455901076,45.81867129863481
40.28898785728335,34.32952060505948
-18.557637919026483,-69.456266554579
-23.10849831121277,15.558596436762464
-10.87943765784712,-16.264094683174157
51.741895193759035,26.55872213958792
-19.92542817019607,-28.46805514404808
-25.63763327944011,-43.31851579778032
48.91577591707329,38.241298755199125
18.753946192503722,68.17982653978223
4.321613631880339,-25.075419293074
50.918438884661,27.800331842275046
-22.994649169905053,-38.464001802788076
-49.61043526347262,-50.496059170850806
-23.24581711998129,22.91093871758223
-54.33806533575104,36.16340263772598
-5.913602572598563,36.641694380327905
52.34090558612507,31.983344878891817
-34.53520650758922,-28.839143619026245
3.0842476047904412,34.51584875810932
-42.27911165864771,-59.682811038496716
-51.06735670455974,-19.07424563149647
5.627179836371084,-29.62934948883022
-56.75266640284978,-41.29575314210811
35.85415208693247,26.685266457855803
21.83070946982803,2.60673874955247
38.31953988137158,60.06459965532101
-23.18050324107089,-36.65408215026588
14.997080831386134,47.26404779471201
33.23519526787998,33.05807542636465
21.34194234103546,39.86688629603083
-13.426689729306453,-69.1735762605247
46.283982427858824,54.926300110943345
-25.731849782562108,-33.393645515528874
-26.411849846629927,-40.721998077164066
15.40724374076313,72.60554583598308
-3.1909476229076077,51.40146228740157
-26.575227500693018,-3.7724375660822105
23.914023279592165,3.945126401876106
-36.95792955541964,-10.945253455834031
-30.688524600634377,-57.0847144943595
44.75185599347909,39.9473502891949
-31.634629398837646,-39.01827277050536
14.198140434609925,52.008701500817196
20.314112275461607,21.73824150178062
4.690691469976581,37.13286780358791
-62.08373008496612,-20.433823437101022
-48.09449143309493,-44.80156669671183
-47.11327661702346,-24.082650338149683
77.07565031549393,47.36035235663441
-51.42884836827223,-21.430578288175425
-25.83596779202143,-12.124798248028121
19.266320856670564,16.635917813156325
-11.130556632626302,-44.18849819016453
23.22389647842346,35.10471758554391
-31.458674707731724,-31.335950024884987
-29.515840654262323,-41.94018437715111
12.900411589830199,7.504391187465146
80.90478649040152,3.104599835708516
-20.482655393268484,-40.996590618332185
-58.37078754351535,-28.063823944690796
-7.723839256291797,0.8668661175178087
14.205353004632324,54.40036390146861
-33.16407350367293,-18.46644686163521
53.89342065617833,13.444171315926795
55.058679226167314,19.05954271885593
2.24412418312388,-54.80351162362891
-19.264534511521205,-14.479761248574139
-12.029482820608564,-20.680750141569433
12.925959818111458,33.277934244323426
20.88251894175485,-0.16110310998079314
50.294879100612896,4.301306979474081
22.264993412861394,-36.053892353427536
-56.05928851750338,-27.552537177985016
-44.74057083431879,-30.91576320406736
17.99559778939164,-5.105580545889346
-52.108632996423914,-43.77176874025827
41.115109744138955,41.554812535598266
-24.653139244606443,-28.58048170362785
-18.849217597253883,-16.896603884251547
23.355415327230695,2.5167244094901555
46.613261276545614,68.38821106834195
-11.874568673592158,-3.2356688701612626
20.895761255184258,14.133151231446304
-65.12233022243672,-52.75400713425506
-49.1939166325396,-36.04164869618366
42.025702664537775,4.3817872571564855
-66.91204726364919,-18.562465434313772
84.68741108289035,26.542695911632435
13.115820309782112,36.806198261488426
2.868886861176314,10.411548813777898
17.735392547792053,16.817063566116335
32.98471792401685,18.948188225555995
-41.51407460710677,-20.22561639904764
56.17525386649929,25.674403862456725
34.04810179937209,76.11036842168241
52.41766334716143,12.760504396541268
-22.40963170838067,-43.04540409925709
-29.755206738215684,-29.18347559013702
23.878426071899376,23.91805727471821
-8.852377580060875,-60.54287957083514
6.313777075409625,-39.22965164007654
-40.367874919299744,-11.809837230629352
36.73679941526284,38.108170553457256
27.93833506776415,25.31447113990814
23.110644551666184,64.0924339093177
-19.72394963843812,-25.924483859074222
0.680420536036479,-19.618333325682414
48.16334520736489,24.129545054965448
-29.858554515262746,-26.378636057569306
50.291537543741065,38.81030619341502
35.507979055773475,7.335436535796195
-58.15992635450506,-1.9533240930106146
35.21184611138455,-32.065139935836335
-5.352702816243781,-31.29326836485258
20.51965631963221,40.09454632903973
-11.380002515034022,-52.32512504631593
-28.676680064541106,-48.74031142448439
-34.645779709336146,-32.6217708871883
-0.9057552231114769,-11.952285591800951
-22.375144975616454,-46.639204957127845
-49.768818013296155,-44.09440209015964
-12.499672796558734,32.56994056643546
-19.02726765344544,-49.60651410972983
-22.475919263975847,-13.302923956978546
28.362320293585388,46.00584989598727
32.70612599051565,20.81330460855345
-28.343261703695337,-13.819475837670566
-75.54481749003449,-3.0108624045549774
16.29681943614741,-38.73248076108397
-42.55581071091227,13.211582248919186
-38.383211308875836,-4.350984257685987
46.84318599497503,-6.255506942127106
72.15259983313683,10.916091271497887
-42.59674906411054,-32.72210542931556
-30.84423922941774,-32.983598883745586
79.88491994306193,54.88918727724446
35.79359253366644,36.334801236591446
17.000154768113717,31.16046941006416
3.0891142892403565,-30.70081454243882
-61.61712502211263,-27.752043185572056
-14.483813164208305,-23.921634296837205
81.46241278777559,34.97557444499195
-41.24475467691771,-13.098007452309947
42.226614725921124,16.576104700323373
51.808919695582674,33.9218248244221
23.459388114611922,53.333960715917925
35.34056311436292,10.00366007537719
-25.148259466839008,-13.813116859572105
-37.23855395865553,-45.094258334767275
-11.58338699328803,-5.612553144419181
21.469290039036636,57.76885220125716
34.55139445660695,45.10605500538783
-18.408729666437956,-31.78442986517088
5.619750530998729,-32.88308824169423
5.396820422296919,-49.76463901504461
40.90698569787541,32.50252440998246
31.564071451649067,32.834923157229255
-16.769088349719148,-40.63062585933931
39.65799507122168,12.070136214713635
31.476034724788118,43.92539918536088
-30.254482252359036,2.7349063077986173
-60.28823276940287,-65.90089772308774
-27.19911205647758,0.6546081788558809
16.70188563166313,10.458204977825602
22.164713741057675,12.006049438469255
-23.677779585919673,-64.07650861883411
68.36580464470586,63.741330313478535
39.0658570988398,48.24009765213995
-13.854034278111868,18.306977593705657
-88.97149210994674,-48.32947456822566
-31.313006865297602,-87.21614168014744
-51.684018927957396,-1.9539574299675841
7.1259978111784115,57.5265037430209
18.199224575998215,56.38712031683633
-19.37930163244717,-37.70101577157041
53.91527401691536,53.999153664251835
15.726766087636427,71.87664198868265
-5.591440879831474,-15.656870602502927
-30.600296321718904,-24.61103658634778
2.769605737691432,53.03278527376288
10.445821966414627,28.914088485589474
-30.482628335800833,-5.4835973269347384
-3.3431692633213146,-32.05190833125731
-58.71599654382453,-13.052221727302936
11.12695960261249,39.73465173925714
-22.555363348107726,-9.66672587603626
68.88009153868188,64.30223141668185
-50.60441587108983,-9.482466349646987
82.65515948549728,20.521753035068045
-18.191761753207363,-82.06279553146996
33.687435975661835,13.396365823496872
-49.96370362047644,9.014162454485493
-14.696887557676044,-31.776236649453875
-55.560626727694455,-65.98392030580993
37.26516628090243,29.038336465103825
-50.26699184658637,-60.59951066588143
-29.451474358281434,-27.469247236127256
-47.62764434691029,-36.390950647904916
8.346396859970987,43.662259570195836
-35.87810958257208,-48.98237868015234
47.365764181653375,27.787946158144276
-2.0349902167004004,-1.59098176228866
-28.24390015691786,-23.791090774492396
40.05824416327457,-15.127786148774632
3.690537074017083,4.339547004172918
33.80588097910941,17.10955314425111
-9.393135795918994,-17.439119795406903
64.92845279697225,45.15209876395568
-3.250647322488227,-17.93668019914805
-43.14855389935802,-40.85582646078174
-29.737527195957753,-4.704491315254273
22.970188799157775,-21.710680728344407
-68.6653452819987,-41.42802407842356
42.00539610437988,57.48187180864186
43.88014698100705,26.444556956574893
-29.96052332164051,-12.624433642223114
-42.4440011101638,-23.179728352368997
-68.20282418712813,-8.43112856081084
21.73108397803193,35.428810052893894
42.809647306478354,25.139941830303062
-12.29970476410546,-28.426418076672093
13.811851237009144,13.712850398952298
45.249420245748325,28.88282998058852
-48.574838467477775,-45.796498733777966
39.954165248115764,43.688264066526784
-45.82343859590001,-56.07474566881409
-48.114664888829225,-36.592629945143884
1.4370761851622085,22.803916251422812
15.17406555211391,34.708518506062816
10.716719863198804,7.399438723693649
-17.988338570025093,-11.017019688098543
-21.43984497485841,-4.788813857906913
-4.375623871149482,-56.32459246432859
38.378916456936736,17.204804080048618
41.42884018183913,34.97618300189032
39.00217191056156,51.874372839694146
17.35860979065866,-63.783078605766306
11.885560535157044,37.210208392896234
71.41138951744038,20.16002071017811
39.796324637627784,4.318703581894212
-41.78203743752645,-14.980462563527137
9.205399627768386,77.26205581630995
11.288153285595413,-24.3983510657892
-27.157088283539302,-34.35390530175575
-0.935165483478908,-21.404136156332637
-58.46960162599088,-8.928918568374954
-65.69267176176842,-84.22991376968167
-32.939724132332394,-33.787246710701204
-59.102742932614525,-27.50968666217475
-23.74549350705005,-25.856864951725463
-21.862153557545696,-36.451733361049975
42.696202096484306,7.785354164253672
-46.84127838309341,-90.66456250117449
-61.011312400762634,-26.985335379275565
46.333242728983635,94.22599704036854
-22.105037208591487,20.94828787809253
4.736772954158724,-32.3300554298118
2.221071329827847,39.36232449458544
-28.529366269105594,-34.32147959877946
-5.141772808581852,-16.511008485036662
70.08833548407324,38.74938569723338
36.388018503401256,16.481635230876314
22.24522338572317,2.2003830807018048
13.162328652779575,21.200863507830334
-73.07573938787495,9.047309485496065
-20.61964871484452,-17.366569902815996
19.996139407883327,19.026860193806964
-40.88029936782377,-18.64808036168202
61.91592039197421,-3.4248985619616406
-11.601264895547708,0.5540235691849738
10.40102786696703,0.2676401345302182
15.310582136119496,11.879795667995296
-37.539080372643,-31.160928147068788
-9.284767423334856,80.22786920413574
25.98474935328975,21.62280441804538
1.1441095821503708,26.921292025100524
-6.334135142872203,-41.93747849254922
-34.05838582747417,-29.19720483045676
-68.3134810976834,-10.6715549147649
-31.49553705647983,-43.34857717817243
4.723081166675254,21.905749779340447
-52.459183038656874,-35.66075347652167
43.21424005908722,36.09278373734572
-22.292752395125675,-55.93336807444457
-45.68970809556143,-42.90835610955557
58.730839319762154,63.63516017883313
-2.3817554642255345,-56.80987484597417
-18.248410854169258,-58.79913060954463
0.21967508792415202,35.95175795976944
11.834954318020419,41.66359848710119
-23.85543327977264,40.03371511947904
-37.276990847779416,-70.58579324560412
-29.164509328944355,-50.071260993766465
-46.25291164957342,-38.429909146149775
28.483903985453864,-11.578149911926793
33.38809646893489,11.76493813455848
-8.947807550069612,-11.604491129657845
26.675039252561863,46.162324630453696
24.702515671440565,-6.219859677537293
2.2868871639644937,54.45902646480073
-22.77096222063855,-7.544093982097301
41.377929670154735,36.690383795022576
53.91395921863371,-30.67834795868152
6.8595862405131705,-0.7614588904634374
-54.735218348503025,-40.293370198669805
-43.01602675082008,-42.3785095901494
-22.98514876652745,-17.306137606303913
4.4715250420956,44.87853785297315
-64.849349161259,-59.758836333407096
39.00679743992927,9.841143035172834
-24.082602057888923,-56.04779686110038
15.825966130595512,32.45492693062527
-3.8725674300792754,-30.813800143084332
-30.720265442496846,-57.6880354893053
25.69448940588437,18.114620505081092
24.73224300856391,53.53026790634398
-42.77162286130865,-55.35922453507912
-16.291477368437803,-58.86113564973883
49.97057153589594,19.38169358393567
-31.894208659356927,-64.16645619648519
66.6172768554054,36.17248913117138
33.86401734991024,14.397303799041632
63.81295077152678,33.001514838119064
-49.24576703893115,6.939276915531579
-29.0424687053076,37.207889732370575
36.724545191300706,17.171941391300024
37.95989596871668,71.84054853955132
30.134306636680822,37.46888501572866
27.436133360378875,1.2772456709457138
62.41857707686511,-2.256378071936652
35.10055826592406,20.059641586814354
-33.398343354755575,-40.0992042463926
-74.12289626725658,-23.39736601245758
36.90150589948509,17.868011524431168
15.193790286231746,-57.89616638838516
20.04524484088254,30.277478574984002
41.671096214810404,56.035495947339676
-45.38282401543717,-1.3816399886040003
31.595708462392068,6.934057987750069
-39.946701032209546,-12.946657558033664
-18.920106240295038,-35.753899312199636
9.964056451300781,52.98069009511366
34.894698548040104,34.34447106178116
39.25958214468347,46.580259092517316
35.9887383506702,20.13323500611288
-24.53642495942787,-14.552865195414899
-15.07869421638459,-53.893642143141605
-19.50683349715074,-75.87452158798686
41.421214316046324,47.81368572476672
-17.339205934890128,-27.176657558431685
-18.27332811134627,-58.011500623343736
52.49508113777786,40.004065811609614
46.56013656067819,29.549774035474663
-16.44675446125718,-34.72950648077801
4.975629094895115,8.28673332202813
-52.23526530564551,15.197276462212457
-55.248837424538536,-9.37396181995588
28.017745250733768,28.70492852302192
31.330705629156895,30.655862355096925
25.59508170943695,0.4421252827306823
8.379765818766082,-21.167881667684846
-25.064280069145617,-24.558717745945277
11.410005790002536,-8.666851086124325
44.9341977595167,21.982021787241614
67.98667702557282,15.570620862200183
-20.523201731693632,-68.54363828483031
-10.074065526303638,-26.14382310501702
-57.041285516199196,-12.625197416752869
-16.60151425228217,-38.48996810724887
-21.23418273641967,-52.58343239723313
10.815102975312115,24.668726517050622
81.13459534249871,35.58929992513756
-5.186040329043809,-24.665239890940306
33.09690278281478,30.371959084855035
-84.35438015674876,12.265173831713668
36.9518246766135,70.85990259076283
19.598366907898505,40.72501384013423
45.33072102664305,-2.5956424775595934
-10.98693846207858,-29.29823143069793
50.54433362417596,-15.022636748348894
-26.35570490525835,-52.83097505896306
5.037122933086042,24.71859826011535
-28.279416875572522,-17.05628145726169
51.07299026446775,10.938154758172203
67.93994118737056,9.888683308743271
26.369645448035666,33.099502948016465
-47.48395791983107,-36.151064146977276
52.740841225265456,-5.546528274419856
-48.82781223833854,-25.60212647137436
3.457518807155118,-1.006053704372686
-37.91164832233533,-48.76126450297379
52.90970018207779,63.56297949140052
41.944282176667386,6.297140721162997
24.378806575095467,8.523494002498971
-24.471628031846603,-28.22796298923212
25.033192968476733,56.813197923663665
6.558453949977988,28.48047736559444
33.58929923931387,13.633653038680066
-41.566167392851575,-45.25496283195456
-58.794384478909194,-20.376353891765824
45.9247620150607,50.16990501305979
-50.958652165221984,-46.20013517265329
-50.55011826934632,-74.07690839225083
15.049635609951695,91.93364526732461
25.919993320021224,12.600870867108789
-49.366383227262325,-33.103413671824875
-53.79461035324276,-18.661595824834464
3.4302670218192617,52.30480169875818
11.54462540650017,37.61034477507014
47.443589754189745,8.810618544789044
-17.531277548580732,-35.6203827282965
7.216629497045549,23.38435450572254
29.26500776963824,68.53700753486683
-26.40188238060464,-27.655998770862634
-7.048332009523325,-15.844038307494452
32.78297890009953,42.587509998259506
18.88035923103951,82.88375694805467
38.34844295204758,56.71325837384663
-11.328595337324064,-23.201087336355513
23.541979070954866,17.28046407798145
-66.63325566457415,-39.96597966645401
3.3504973771024247,34.1137289903083
20.921963458923365,-8.806754430893832
-37.71250428009855,-9.615034114637972
24.499846932271442,49.28205582868024
22.99515311283723,56.79246638210991
-50.96121649240942,-71.96562910147453
-77.44399975866125,-24.633390652273977
-65.82172837110906,-45.73859423096749
34.38762478968605,18.778552418985594
-16.884744670546418,16.5575355900653
44.02056974955795,36.855701876361934
-29.98873875874028,-29.954868301203483
2.7742097917075483,-48.2982060168672
5.149060098541767,-23.837057078431762
36.02527228314334,14.647919975436581
49.3849362821421,43.47107398313241
-41.71533140587701,-40.65269652262134
28.81545557102042,33.504540977548714
-12.969582795946646,-23.63499683792586
-42.32131495062126,-27.504864447930633
30.843702257380112,-7.684425698359689
11.371508498394519,-12.83705533527176
-35.31019540374625,-38.79047062652597
11.46905318714947,63.95758058215643
-45.75869449228115,-43.82563401417343
54.56576253364493,9.014965337210391
9.22281632128859,4.419813651170404
8.380054536378903,26.87225786051051
43.50403317493769,11.898276345787657
-16.388561433327837,16.70665197763097
-45.963800165172785,-68.17271849876806
-47.21053195714548,-45.84337485956588
-48.330866319301094,-43.04812277449839
-50.70094588078621,-21.219305255843757
24.994610991524574,44.973069769920556
-6.575204020072,-59.29092404771782
21.637212046536764,10.887247867105415
-33.02473500182234,-41.730294022725005
-50.67920224647706,-36.701856763096515
46.96938062233981,16.597249473058653
28.999401705180563,48.94146663346445
-21.199901096644773,-42.044975191834425
49.32287548366301,44.93631849907142
-35.049661372456434,-38.33288563830905
-22.23876476237141,-20.227944620378167
25.02909037887757,41.9649296649928
58.5240633095486,-9.208982461942846
41.06440423690301,31.675695469467513
46.10199209895997,37.189247578316454
9.394140802067742,15.71830137240993
-62.6989274558559,-32.71513125400838
65.06089618401191,42.87601006076951
-60.00744814137401,-17.496612234751176
-11.2173800793936,28.162274287879253
-56.503340572015176,-10.12073604697041
-31.328082899750193,-13.03458534556832
4.975157909920252,12.06188853014336
-18.11657699689362,-56.113628669158295
-20.026761933425945,-3.7613923469824897
15.89939325985851,-13.840675198343774
31.872369686406643,16.050971552159957
-18.68403362592129,-43.65206585720789
-26.770436442222653,-10.935316474345651
-54.02796839655639,-31.216457418072054
39.92066813297926,41.06077467329456
-31.65653106730177,-29.792284907351902
45.375620895196874,9.321819258093246
-20.64903127942806,-17.069748886207954
43.347493272468924,2.3539993779660584
-41.38245401825091,-34.93416431035137
-48.66945278701348,-43.110439808972956
58.76086546811383,-4.20387785004047
72.84734005724971,-4.524329487085851
-20.965475490029213,-42.399157055528406
17.59466298258497,59.60417296876919
-27.64528795137585,-38.220854228403006
48.15768453330193,2.52903382887375
48.80002862490112,30.293689205247485
-12.988196207823467,-48.30539652238145
-43.078291285078976,-30.43733473626602
-36.242841649509344,-50.55955380809259
-30.78618020155983,-50.203480380162645
14.488361313167122,55.464060587313
13.50490657054484,38.012863689192194
-32.77544744344357,-18.508787277353647
9.903668511860708,29.33441726713569
22.977849142870568,23.162717025963055
44.3952447993945,29.147053109257154
23.823290584338412,36.893273271106935
7.861444969126211,-31.27700337464279
14.245647352349934,-22.6125461726757
45.81061773263062,13.044075015441589
20.440114087967345,18.636891767034122
6.247316229005257,-31.73644810758985
54.826003763117,64.16525816121046
46.28424082685531,35.726854719533335
-13.395167376772857,-22.24268861611904
-25.76275274140883,-2.473471436561727
12.026728668955247,24.086618181817734
36.87121540078141,44.83001844954751
-25.003300174496044,-48.24635355897385
43.757239729594744,43.21049279113221
28.76205125777379,6.527866856081857
-35.28344644930955,-43.2903569962721
-45.76378241301161,-26.456534571807804
12.551842326253237,41.85997958409293
28.398640762178776,30.22428880900145
2.406262839299636,-9.00019298099921
-36.0224026233804,-45.288454761559215
15.196933719177837,53.583402247570966
39.518391205393975,38.97408315754842
23.98357069813242,7.03466436651745
27.549624386358712,17.675820204790583
-61.65533169307287,-36.71534307940281
-5.102558288939143,-19.096156808753033
57.9079034951217,22.603719385699446
-35.81113328219593,-54.075210848134496
33.95753391565261,35.246822548674295
45.5833333404334,19.742099625810326
19.21597404764473,30.175465763951664
-19.169696472165032,-26.684400906717052
10.118719235206044,7.118827045514774
-49.70955783887965,-3.1915842882448757
62.84442917860333,21.23707000280156
-41.499672459672695,3.794537813648276
-26.09045771394987,-10.488938429001358
25.081943171632048,36.62990934372115
-21.89501088672234,-0.8668931586814921
47.665807421343445,53.00046949797407
-17.7751188077085,-11.299813320587944
18.858332893399016,18.189912856670755
-0.5601252944148847,35.61679882811526
8.709816058473407,-53.32481168332837
12.785702203727986,3.4462990377548834
-9.794316215504452,-2.690736539069615
-15.351443160971673,-21.826772357581703
-17.232509886191558,3.8201511760234226
2.7845259811061673,47.478912554268405
7.837131699612808,21.33538412764579
-3.1625274462557584,56.49437702129808
21.25512457891952,9.44579474554184
40.400784532092715,57.45313634027276
-31.138512146866965,-46.98951653162683
-39.75693005401548,-25.682939155422577
1.2167386900480714,-1.0597306864258904
-18.94468564290789,-44.74982025710601
36.1764480854913,-4.077610947903089
7.90311751302508,-44.44636579029264
-4.212658758996923,-42.937787136678395
35.16527993966535,58.112373813695925
16.693451385493077,8.59707205741163
21.526451744880163,48.99810855831144
-25.506512035174673,-0.10556461460119237
17.389545889419047,26.119220330868128
-55.3440736145986,-80.0112603867002
-48.76207645911788,-39.56719228033658
42.119510698815375,90.0851438261242
46.633479659997256,61.31850346359553
-41.7855805252772,-24.388296866339687
-7.242843949441866,-55.85671700680744
26.770174326806956,47.735488195802255
24.288869734539396,35.51021497710679
42.720268864445146,13.024182822241002
-64.70678739760297,-41.822952853719805
38.22228662623651,61.69384897033788
-22.826503553715725,-41.98324754964557
-13.49420784885259,-7.582127848950144
32.12414781701258,29.787571645912262
37.42358718681783,39.21867194002513
20.91813459224592,12.344970363765182
-28.122085326204825,-38.87833360563856
8.907858153217404,11.998969435715367
-17.98836687051316,-30.77661141127133
-23.49063906012212,8.301907977749025
-34.875773805321316,-42.99414509817325
