0.6149673409658417,-1.1384258552343132
0.030518279493016862,1.6392580557629184
-0.10426793623015627,-0.14594129869407985
1.6718807054760918,1.5249683924959463
-0.7410670564851742,0.21915856356261496
0.7578153498266217,-2.0301026517752394
-0.26966728900936315,-0.2082386950510564
1.1487577574351795,0.3477880484328457
-0.4054627800774685,-0.5844255836117566
0.044852436256580114,1.056414945159477
-2.215986646769273,-2.1976562019680386
-0.3037138822085988,0.9581406814283142
-0.837228943355643,0.7090358542632905
0.6978950983960883,0.31475471922351683
-1.3154049292066126,0.17655636781498793
-0.8655729332417257,0.25406433692583463
0.4588973140472871,0.03872271904440398
-0.3846641034568039,0.3287684135916392
-0.5740112629385418,0.408149654719359
-0.7128070784250953,0.0003722292992476152
0.3922428924036563,1.0121711322895317
2.0703082918875264,-0.3354284275934392
0.44745974139604094,-0.4924599371582971
0.3057471058327966,-1.123343343571597
-0.9114111825687916,-0.06612626187244193
-1.3502047017052314,0.4844690585454878
-0.7732748153071978,-0.9608340002900976
0.21131386677339287,-0.6182416485532617
-1.8387855370334216,-0.5543278273170489
-1.8326226431253307,-1.1246431446039749
1.6492279071225495,-0.09949849818424447
-0.0444133869525991,-1.2134863695586573
-1.6895113620383715,-2.190716263850357
0.32388159048306897,-0.22112237049093966
3.072674634347889,2.2199023346032156
0.6868208185706905,1.707074471391794
1.9627146619225568,0.5114068699169994
0.8971680906699518,1.5409078708712645
-1.3776277379963076,0.4164494538482082
0.2149778259886282,0.8268247423412839
-0.091507259749619,-0.7116739145364428
-0.5255772204922093,-0.2453386998863911
-1.306883196409784,0.8015046411829251
-0.1926932790363554,-1.8342722248199312
-0.1990004422117823,0.5747322683577233
0.025019446748349158,0.6922882097779256
-2.8351320722569944,0.257445504184447
-0.7101860219111279,0.1193948224047127
0.2551825275183989,-1.6893080369601463
-0.3269824916248242,0.1059352351765482
0.7751837280438775,-0.16558765017571744
1.673808484325649,-0.5581409955275161
0.028046656598075585,0.2779444429754757
-1.329309535226472,0.8103835452891838
-0.09307405765987996,-0.5134777473476514
-0.7238993736477983,-1.301080681546408
0.7335139365965208,2.956199746765765
0.4930073006832777,0.28014134470412183
0.4630495532263401,-0.15827966806566954
1.6114426474407144,-0.013996142505210446
-0.5255324937586274,-0.4906181419144412
-0.7110217799348793,-0.10492585456412246
-0.8963669738453407,1.5259236262302431
0.6645119136672221,-3.0032502964650645
0.18115537806584864,-1.2710171467454299
0.03459924677467127,0.3165417308877528
0.15493836049201587,-0.16582472751930152
0.9683869492196476,-0.033310297963207385
-1.3472310696218124,-0.6669885730964985
0.9118009157272392,0.041411133499005034
-1.2191341130849476,1.2127869465612937
-0.7077160416262837,0.6182922504036258
0.7618876240421555,-2.383270455084104
-0.7925383882534988,0.6887978359123983
0.5811672863744567,0.12449621829214268
1.0260696475146456,1.2645364230585263
0.4488883394092317,-0.05663863528274035
0.6607200754858156,-1.8171838107964184
1.6690869147922376,0.9318041127141832
3.527128252433964,-0.2968985330464327
1.5902083304776198,-0.7730650386538157
-2.132312144156181,-0.3482827579852726
2.6922246184768395,1.0379682208312455
-0.8554392370456918,-0.28463164665451185
0.4729760870748378,1.79545624520946
-2.2684172069350605,0.485060824192585
0.10249597325206374,-1.4704054050079594
-0.2662848009432361,0.3195839759587685
-1.1016093701314231,-0.9385927289608628
0.2685561439027575,0.6841056355187974
1.8822572335215355,0.4478072662472153
-0.7762624771300506,0.7358043574480686
0.12305406133000556,-1.0663022054489475
2.6145103068030897,1.4862237259632016
-1.0333747968927165,0.2528347249127954
-0.4506857857525052,-0.8675422237071824
0.035280268781721434,0.7846669293925431
0.1049953249226362,0.27301375875094075
1.4457566851115706,0.8768716969314363
0.8651428184136195,-0.2778016849273225
-1.9692968874765548,0.7133402494010584
-0.01852033071408052,0.5946414269144585
-0.9884465007610216,0.2499605502878689
0.6140017793856295,-1.9406973199993929
1.1637940734175185,-1.438443340874739
-0.9744287752095044,0.10022025181676868
1.1834976610788808,1.7421641223150153
0.9426150754477046,-0.8224566157325089
-2.312292078854836,2.078565080813077
0.047896112522519935,1.947747686281231
0.04606876975460157,1.3376271440351115
1.4875506780624599,-0.15077669618883552
1.0987014602784722,-1.1753998259006555
0.475793759255065,1.1681732431654759
0.6301070336649941,-1.511423784466213
0.3436505735908285,-0.032516918522299335
1.5189027133940216,0.2441508082542747
-0.6338872615378517,-0.3693430705755689
1.1991473121664744,0.3153602529982568
-0.6574788339381635,-0.5781233288190415
1.327969536154293,0.291836578551269
-0.35362138540284843,1.120691218732706
1.5122277207166923,0.7725452803884028
0.5544745149002882,1.0573411526103509
-0.2795625445971138,0.6387873962492003
0.5712252012818612,-0.5359765506709363
0.391744472204257,-0.4699558526439888
-0.05168398039496468,-0.7191213686675321
-1.3653417219554536,1.4157278579751116
-0.2588899958309345,0.40656793648506345
0.33373002239539257,0.4312943706072034
0.9988040701745609,-1.4092551517708782
-1.2728573343112324,0.3083066138500533
-0.8876416043787174,0.09377744743833767
0.6890718359520953,-2.2329391724369647
1.7411863289419507,-1.1478979556227422
0.1073311560751933,-0.10969757423482282
-0.7753460448365753,-1.230004188716924
-0.3331863197244647,-1.2497860192203505
-0.3925902878418059,-0.07530094710594762
-2.1987360989482085,1.418007572455204
-0.8384103307400791,-0.3347586989256999
1.561406858675569,2.9621323651576783
-0.7834920712438346,-0.9888395349349456
-0.9945687180882166,0.8626513732916296
-0.9251488346411899,-0.3338649881204329
0.3648396744606137,0.9657704100808596
-0.017217647657576586,-0.6540026078512837
-0.4608317108539928,0.21749617772329646
1.248870248778724,-0.6979686489143708
0.6965720666333862,0.6442595128058549
0.8005686014282367,-1.5066002074997031
1.8665653390353425,-0.6930512977139094
1.0277919604982408,-0.8017358891693079
-0.31944229491864423,0.2254966374407344
-1.8508348709792641,-0.5955831372544944
-0.6353506342923032,-0.3522952185314156
0.14127969346720262,-0.5405251540412048
0.22458726740967444,-0.2646175876436795
-0.05757216763279065,-0.11034251029734138
-0.5906890676492295,0.6778834244796053
1.1386856643560863,0.6846509928535223
-0.4283583472067393,-1.0636071652238457
-0.4583348330229871,0.03207462269120046
-0.9636002440193268,-0.6069821338279454
2.7728123135227327,0.5098631408693494
-0.9318700034523579,-0.06666826764443819
0.14734381868976024,-0.4358671050055999
-0.6523866854741189,0.042443337075464715
0.5487003434236656,1.5212489913020002
1.4339289796203138,0.8432617449435246
-1.1106967656971225,0.048940867041419735
0.3026771532831839,0.09118529274482944
0.7270886131346234,-1.1470000171909236
0.564217461864824,0.3481721190873027
1.343926671620271,0.1351988429964967
-1.4257647939886442,-0.35589588725694377
-1.021280494135954,1.4927510922460356
-1.1831107994482974,1.4042353004320527
1.36326970799458,-0.8839138704544532
-0.06740907852009717,0.7217964680527116
-0.4507686613687446,-0.8653790271998629
0.7237712995493413,-1.7099704282546575
-0.6817128693984217,-0.5551661612551861
-0.6130580602412402,1.2949954849586425
0.33406243176174105,0.2907506784219809
0.8721673247437991,0.3074896839756602
-0.9407300197043682,-0.02439805467958651
-0.2209235707288449,0.5179746309140625
0.6801517131811069,2.6289361824908655
0.4576872824098866,0.06881246178188588
1.6039816044296795,0.8072423163820107
1.1468489298907034,0.27367630299414275
0.2690902410722551,-1.1483848856653516
0.8245961778667491,0.8484878907911124
-0.2600565565172505,0.22363459842513475
0.1254937961140871,-1.6181255356547386
1.8959964114026384,1.15521131017327
-0.6301908644413274,1.0693886804050905
1.1512205060224496,-1.704542992779806
0.2953723354185128,1.6785956441782148
-0.972880381234147,-0.5998622783363061
-1.0922735067198066,-1.009085942465766
-0.5205124892529769,1.2034484440240711
-0.2536579142054056,0.4237861678830673
0.5295874379017547,-1.143644874726388
-0.5643991037660764,0.4696078257342349
-0.3180276306223683,0.9853335425478752
2.8062372313340846,1.2445383260435996
-0.6290437605183945,-0.23637889699765435
1.6813051220259032,-0.12433976904637918
-0.08283986969086422,0.981397210602195
0.5055422591843534,-0.3447919602619334
0.5693261847598726,1.8484771818008296
1.8987250516930048,0.8320589534867512
-1.1047822838302752,-0.2664242991097181
-1.6115699521154019,-0.9903547631931336
-1.60919670808557,-0.4981194825933064
0.4013674121911964,-0.5497955002864998
-0.8713610445273452,0.5777606340940428
-0.31172019898009656,-0.9067909867856584
-0.24085776999632266,0.6924252259771565
-0.9958686454342032,0.8577419188899906
1.1550894512757757,0.05497636621202801
0.7593695142598357,1.9670129107530387
0.9711391357116071,0.535384620132114
-0.06932498979494715,-0.9251198386206808
1.4297933580536049,-1.2071076213235343
1.7053145988048768,0.2923956883107482
-0.6823182253131949,1.5312219592430532
-2.542022319981584,-1.1985215770746027
-0.9337506374075596,-0.6451771709359745
0.4317857557388565,-1.6484179514669908
-0.0018313540853079934,-1.0165058890285985
-0.7424863465578857,-1.4294191387766826
-0.5676406891819192,0.06403769881215887
-0.5060796778263064,-1.5930098767486118
0.2059479219337284,0.4354400697476267
0.3350578416468609,-0.5912925206767619
1.4810048967632012,0.24242484429584554
0.42363063853502986,0.28600219758642925
-0.5423544767028511,-0.2366275580395797
2.1089265296653448,-1.1416601276637084
1.0075812014122891,-0.1624959818463152
0.3712786966546385,-1.8135873595688112
-0.17496643283310262,0.6278457651768821
1.0481731479067866,-0.4441753433796774
0.6975310294074019,-2.2235953894438576
0.3428467906947249,0.08058216353703393
-0.6131844787639043,-1.7357078553896357
0.2265610073526885,0.06202836643383205
-0.1397847874512055,-0.060970617593299865
0.16253787780876572,-0.6382509710237665
-1.0676150847546728,-0.34409242500450904
-1.100296311126489,-1.3467150172412743
1.7242897381688018,1.5968211685093483
-2.342942815890752,-0.4615039667689168
-0.9711176359237874,-0.6498639651708115
-0.1500007223113812,0.9779774028483904
0.9556016252027624,-0.4647587655775966
0.2501837205446214,0.831591963621991
0.4558648197168472,-0.02623300938886924
-0.4984428322231033,1.4265099211231311
-0.1299025931071046,0.9208865392982084
0.12598312582787366,0.8554976869050314
1.43290662661337,-0.8755942051649126
1.5365074948435806,-1.6139034063898192
-0.18607490007212474,-0.04937345043533591
0.6749016665024731,-0.2873729661631728
1.141221723593432,0.9634155316608832
0.2048407714513939,-0.704589795586453
-0.7167209425265628,-0.7184117302388702
-0.5502613535270274,0.8867708534272472
-0.09287791681446683,-0.12285972706858213
-0.7618506760620377,0.7312217797542232
0.5641781517495801,-0.5285419320500605
-0.1842618267313881,0.5292821477584271
1.7802270380717742,-0.1199040493605689
-2.3911131632594618,-0.6528902085655496
0.2741990886388669,0.5553041145182726
-0.25859092445875903,-0.8944706769665632
0.9595339174332658,1.1297714906611351
-0.5444340438186281,-1.0509685593578602
-1.1914335779252645,0.6071881937204365
-0.4084109828208116,0.26982934742324777
0.8017243216577288,-0.8134329462457152
0.5846582757014116,0.9246147799250616
-0.3029572761522946,-0.5964414227603775
0.65415126959701,0.8515666667047781
-0.7673665497927297,0.2602440952421888
-0.5649235367273806,1.1608411915888064
1.1305164948389441,1.125217000611099
-0.10151968709661158,-0.7820148649630756
0.3682952841584852,0.5125111485949962
0.10330399317741404,-0.9029733049766174
-0.5334184487954553,1.9943490958084469
-0.9356311703350731,1.303495492048457
-0.2945143820393826,0.3611743039995431
-0.4590519954314519,1.2894065808588726
0.07360436282785655,0.2738523339056733
0.5006668039535846,0.29420274432714144
0.1605821607201348,0.9022393800371644
-1.3596845800570532,-1.9284957411144696
0.8360493756754036,-0.09526539737638297
0.33819881087367937,-0.04172465997868592
0.5873913864924143,-0.24058207247367885
-0.345508319171742,0.5777706448322505
1.6855960013956894,0.8983584321515451
-0.6706210653776833,-1.1357254579196396
0.11703394949037875,-0.20353089077234213
2.0250722694620142,0.8003170172823022
-0.4028156456752359,-1.5117750437158368
0.5125758619533959,1.1372454377324204
-0.04625070966556282,-0.2794462074171667
1.4095855207122334,0.23602765645492424
-1.2736441135081935,-0.5113517260283053
0.55013223627748,0.7745835826954642
0.5799426605831249,0.9997982804372996
1.2606836460182684,0.7908744390723292
-1.3706269859114983,-1.91204255181182
0.5693214693451965,1.8328596257172545
0.1459286639299727,0.9881130322194528
-0.7503011663456127,0.19455088788496847
0.0454293143116294,1.1977008549500656
-1.4428262246159391,0.13381388061822275
0.5886546670799151,0.4065640836429394
-0.05146254397187199,0.7811667057944338
-1.2072288410057708,-0.6200501228117783
-1.2742781099629734,-0.251794787140948
0.9982779828727688,-1.7094566764442598
-0.7779098043230285,0.6101993065082547
0.5954982091814766,0.0008457467035385673
1.0011499026207828,0.2798028117948091
0.2745997658471798,0.4399700346988241
0.32591268099362514,-0.8471279250828491
-0.6555751674190622,1.373092317317003
2.0013170298673386,0.4973458363021608
0.08505195150609046,0.7987721621205922
-0.4559039349960329,1.1473810972420335
-0.14780404624352034,2.4055313135336056
-0.1049813661381529,-1.4024501401276583
-1.5260614484654704,1.0164906684983015
-0.5349291892585631,-0.9832693829634344
-2.4709656582536974,0.426707884667559
0.5657708707646135,0.8061147063392686
-0.643422624247273,-0.3213744605498706
-0.07830861258113432,1.0607693056606802
-0.260626602597342,0.6608593646587996
-0.6553459986637262,0.07289344586445072
1.5722238465360503,-1.0684610996424024
0.4661255395956045,0.6367189068990604
1.342811275329646,0.3211571215594361
0.6018972783433222,-0.9355006199289312
-1.2414857620535291,1.6633663570427324
0.5854147718372325,-1.057623460675318
3.3793119349542886,-0.4240388024781223
-0.8514541889285301,1.6515937522221344
-0.707635483528293,0.8275558613852574
-0.048365327890024526,-1.1223930822731094
-1.2063270540287148,-0.5632936381127596
-1.602512753803074,0.5430900865287982
0.1449763354792976,-0.002959189538989
-0.31577711643847445,-0.7547572897558249
1.1042828753395304,0.9997465486610032
0.5840556014070012,-0.5581574336517086
1.132713572117837,-1.0596486055387209
-0.176585583969793,1.1581798595938462
-1.0275622924343235,-0.4145371133932772
-0.5841066936497489,-0.07511424227784991
0.9801428227251756,-0.12112287347601038
-0.8113249469411178,-0.467656856705429
-1.3341449114375503,0.9620009830933202
0.5560031589483196,-0.31843203524368136
-0.060283336197067786,0.6569285793939375
-0.21267705217564534,-0.4762295616484982
-1.3940359788357104,-0.6225213332611603
0.8590104538629575,2.5037866893639205
-0.0521715355911165,-0.6566923450651312
0.26358017759273383,-1.8274813436749544
-1.4394052439403464,-1.0461500305515532
-1.7342994925772035,1.5225765729106715
-2.089106521967796,-1.8246189779135968
-1.331195586167204,-0.7484759155766653
0.6309982968724566,-0.3861446060590576
-0.0077992512932451375,1.607524909338325
0.02038507587080324,0.7261479252697903
-3.4587694558192807,-0.12893194990809784
-2.069164054928805,-2.0601305529262746
-1.0761843961578674,-0.8394174334133572
-0.8927132838974294,0.011404570196821324
1.1150189006826998,0.09541404711412003
0.7025541407035039,0.021021955768876364
-0.2921359381412956,0.5452578796612957
-0.6631804337607639,-1.3692849406359444
0.5260035110946263,-1.0142760689480703
-1.5596262915323191,1.2382755546329989
-1.385032224526596,-1.5324140809190523
-0.4469092450286719,-0.4657687042228497
1.7021493946137114,-0.5417062104080679
-0.009239047663623276,-0.3035929507575937
-0.9320970463312438,1.1380096294718047
-0.7975906338059425,1.4272718847885937
0.08621764914651622,0.471688343530553
-1.2492577118489605,-0.7836008593677228
0.8208960393826382,0.13583289962638306
1.156816238539787,2.1861391331908084
-0.8259391983368524,1.6955054785166752
0.02734534240965284,-1.9633378508862296
-1.3527515759108255,0.5422554540606785
-1.5625998062158617,1.62246058032596
0.7140326150556593,1.0802479937568452
-1.2277723602933055,0.8944282302529576
0.8394183715231986,-1.1956406601075331
0.2783255700498757,-0.0677770637171477
-1.7824661526158925,-2.0191235279440605
3.588100952888904,1.4807699109733812
-0.9877176908343158,-1.198118059735768
0.10193735534146907,1.638548486899583
0.2384828176287373,0.31124581547092545
-0.3065701792233064,1.3152114557076269
0.20654362658814693,-0.8400590768839828
-0.1697458035449654,-1.1612037809739904
-1.2901979126177854,1.5179438142582768
-2.2311741200222857,0.048962304093816286
-0.5453277395836936,1.2336103359686479
-0.15414917766132175,0.8825750962167084
-0.14986088663379518,0.7296386340070428
1.03876805071768,1.7965546637036869
0.09407524799612367,-0.4466572703622444
-0.8223665477380186,-0.26940070814172584
0.6279355590087898,-0.1875178993765199
-0.7415871561071741,0.7070232645641616
0.2129273184784386,2.779445491752627
0.4414224629271435,0.7403515360967259
1.1609188778856627,-1.4848731897092395
1.02748665573239,-0.4540781473917194
-0.5964276547819692,0.5319034066678335
1.5629721459200168,1.2210401358416867
1.0884491551878732,-0.152416557555999
1.40660348433884,-0.05343802918019645
-0.8550438219802327,0.3734936179853362
-1.007556637036377,-0.5923056608903527
0.7232435930578094,1.8710808435052453
-0.7547733047130868,-1.3509947635848087
0.5941220558114125,0.45968324605926597
0.9630415561733512,0.7644025598125318
0.35232732102621644,-0.6597121240243813
-1.243817081814775,0.3160380907753822
-0.14202258472630214,0.23835384395757536
-1.5104537122918371,1.060434869918603
0.726742749149527,-0.4849803180142377
0.4493422817443892,0.1469140800599683
1.5677143080990612,-1.1972043850385992
0.8428423407813597,-0.9347849109317596
0.0401147115493882,-0.25268180016560304
2.607638702071553,0.8810156062259374
-1.1772144024882605,-0.9412117350191156
-0.08266771950667888,0.6076352219258323
-1.2670173352273546,-2.168797592197212
-1.095143868381933,0.6371598951991092
-2.326923071586356,-0.5797220096116531
-0.19634758489900486,-0.72142344440098
0.8144227637107125,-1.4517647196728627
1.32898792089701,1.9781925132277225
-0.2754893307619727,-1.283415908931415
0.5777510059470308,0.4718393874818005
-0.8820773401546587,0.394941854843676
0.5751263897098132,-0.6163668100129053
0.4562221268634978,-0.07480383276097945
-1.4446871664046437,-0.14639953771959469
0.004304295830951768,-0.471047336416306
-1.077167844421643,2.141772582679955
0.5288444653888732,0.1876908630166843
-0.6402166656440447,-1.5942713867247205
1.3678377064242486,1.2324302513137333
2.305510249769517,-0.1783149518094301
0.6419761134046924,0.4948382957787382
-0.9975263532501278,-2.076158943978112
1.818284594608272,0.6639801104290701
0.8539577247259351,-0.9146402031510026
0.9598904737752332,-0.4305526370603204
0.027340275224882103,1.4981794964457935
-0.4442896896774772,-0.5259288757830177
1.0788836808632698,0.13039325806177873
0.1680660355808349,-0.2598574622562804
-2.3103331826804747,0.3149292004337215
0.3623162552987763,0.3733149941224608
-0.9850584315729828,0.5295301116756576
1.261668342521996,1.0123290633568809
-1.8663703783682928,-0.7740595689087946
-0.6601655815966776,-0.392688219996007
-0.09529717255982577,-0.3959206254868109
0.8018382070274641,0.9600951549607492
-2.2202951354647533,0.023862696784456724
0.07287521116946423,0.7633466230817503
-1.1307549850414582,-1.0998423861268658
0.6301487121280144,-0.595611744217043
0.4246290437103044,1.260972342266929
0.21180046559743865,-2.8329867641193847
-0.4623021889714968,0.28425366909470223
0.7290499817374054,0.3472778056598949
0.4206728169091021,1.935916659057244
0.0936159093901096,-0.9881872865273722
-0.1713650022437237,0.9982145352503341
-1.3043403380324283,-0.24390649408546544
-0.6430130286286556,0.9619082929502242
-0.26040719245940497,0.2862939427852525
1.0381842716267742,0.40243781408771695
-1.101097283705951,0.6303545304099074
0.6751874316738622,0.30689487042381314
-0.1714667901652201,-1.6348093101685608
0.5657486171891037,0.09269111201491524
0.1696580647751953,-1.2191229172517837
0.16765722111057416,-0.5527910989748153
0.4833184839858441,0.3929211237452924
0.21254354042406445,0.5258805302930974
1.6565511780731017,0.6700519630729441
0.14848187120001682,0.5941024738169454
0.5839500397193516,2.511151155927497
-1.363102483084086,0.5596234166091324
1.2459784936614893,0.5528856970451329
-0.3428582396743759,-1.5628087285708496
-0.7813658038051801,2.0002693779540928
0.8668813071397715,-0.9475783117396168
0.7635183177399273,-0.4658518577283721
-0.1471635105499779,0.1605116247730419
-2.1424033973134646,1.2252388203650797
1.5811157055680594,-0.2929692916838305
0.2505587423255774,1.4565941042765718
0.9290321373357098,-0.6149131279433762
-0.8200577340718107,-1.399813583715274
-0.8199783237067616,0.2924511854643148
-0.4284654123537419,-0.06890570660362018
0.2429385459607772,-1.5092872045886137
-1.7675244579442784,-0.8419397392764597
0.7424167552277018,-0.4945358096525786
-1.1496957029376855,-1.1513393322394199
0.9740644215751976,1.5589307527242886
1.5329481503724012,1.7888224113630684
-0.6220149768528026,-0.4730959073880821
-0.6753454877006342,-0.05818316083152372
1.0787379339965408,-1.0289601637407515
0.5906049413914629,1.2367632195863527
-1.4722091743376389,-0.8793817369323191
0.3307212211223253,0.3568382804067373
2.1261695641388174,-0.4518724387881967
-0.7782146418972354,-1.3898427259381825
-0.3104292751157625,1.764751042377661
-0.4362609040863035,-0.4199707364012895
1.4354700490283785,0.8783642075434202
0.6480704826357233,-3.3935701352173435
-0.020295972098808915,0.8658170953446457
-0.3489613793452413,0.8903968950622311
-0.04260234279320066,-0.7193664326239542
-0.2981227475710184,-0.2288645776274985
-0.6094769508637433,-1.1725910717375294
-1.0055611915062297,0.8897534461105285
-1.3026209829520372,-1.5822467802316451
0.025481352910449163,-0.9868219315759966
0.5968260966022179,1.1801718985306098
-0.06896770803860389,0.8669950480107552
0.06425217881355531,-1.0320465787197524
-0.8919405349669913,-0.16867308700932346
-0.08848266338501301,0.005468567564327568
-0.4886826005079461,-0.904723907684021
-0.2921961809574925,-2.2852714988671723
0.7535322029208388,-0.3837138933408865
0.025361685435918924,-0.5270707302018519
-0.9342367441731816,0.3126537714174403
-0.5174608859752963,1.1223137853099487
-0.7215967657655896,-0.30717613849096675
0.19384048384266475,0.3931522907015543
0.5941803908396485,-1.0392149161063962
-1.3316311717950544,0.3959747194119446
1.0255676527093935,-0.6834337933145672
1.3688345336301897,1.392328381851251
-0.36617093130661976,0.1954357816671273
-0.9914935745807408,-0.3733161525011689
-0.5100450076722146,1.1748264741148051
1.0246753865133134,0.013930183014104923
1.8571280265808001,0.9528695309856474
0.13761518427694325,0.5913690796932211
0.4826253012390826,1.8363835906418275
1.273968177393354,0.1803599439399272
0.6516701700342509,0.22096348028530505
-0.10559587691020192,0.26663266149992265
0.06608831102571319,-0.22038679636152608
0.2241019676917472,-0.1926675920726313
-2.2095810441805535,-0.4698181665677529
-0.436059772387723,0.8939735709591741
-1.0881466329308498,0.9762286415361344
-1.0228352299315802,-2.1331928823118065
-2.00000337580729,1.1903399189519552
1.099824019091876,-1.275345700663964
-0.955341433940368,-0.2727726445747056
-1.979439709927844,-0.7438679924498339
1.1253553860281045,-0.44234161060698257
0.4628604926498448,-0.1368302002873447
0.4803176518090829,3.0250577033338737
-1.6902128804696337,0.5738237113067378
1.1993364789601253,0.02442803648438466
0.9092059550996906,-0.07139227907473386
0.4586267279833055,0.8840247493522732
-0.4874425874075004,-0.4540305121601865
0.14898642045333674,-0.08864423673191528
1.5222003687496763,-0.902882004910412
1.435300372006945,1.1329847673544184
0.3406105857404766,0.5323835356090003
-2.1386295988581385,-0.2620082495179989
-0.6701219215361025,1.1458828908085446
-0.14637157427039765,0.6920923696892947
-0.6197547725772763,0.5990571033428392
0.3696671060390546,-0.2745964430314127
1.4943891131485032,1.1990058942960946
0.5714644085106602,0.8145234535246423
-1.041810252326162,0.7970006999935857
0.2612697020849315,-0.2935562946728174
-1.5416969513354826,2.2838592462818674
0.7774409194575669,1.6750858495582543
0.3941916270368467,-0.3605435673441267
0.8280939591837264,1.8929824766472128
-1.020807640953365,1.4040883204564425
-0.2183252775459684,2.0697468644535126
0.2389403172097679,-0.7650185179415782
0.89069712994836,-0.3903801835224657
1.232206803028374,-1.81438365249295
1.7719755870397609,0.32119993870170244
0.6504903394411173,0.026913281345197947
-0.10466532675405854,0.4139204360472454
0.7216469593741466,0.3736713642618199
0.5300488958335755,0.7762972653124979
1.3598654874151304,0.07538495202382456
0.5928853700612527,0.3434521313253478
-1.1151047587534886,0.6102810405500718
3.7123945856350398,-1.0564736617997013
-0.42924078772838176,0.1895352245582809
-1.028760610931556,0.5997725010341558
1.2106272561921465,-0.7459803363104153
-1.538846121381212,0.3349778005595344
1.395125074843767,2.129298226993448
0.015484520599536781,0.5309557751312705
-2.053351588921668,-0.5550961862345739
0.4957243539651494,1.032774957858798
0.5396876129984164,-0.9630353518589772
-0.15615544456219704,-1.1594089283236677
0.7643288677098793,-1.7634638295398015
2.188662871443042,-1.5019252698301786
1.5074271715707726,1.4229123980231988
0.3030490106735354,-0.32902566862051513
-0.8335966934602722,0.5285148612446421
0.2781162126606205,0.9837930951216196
0.5821263144881982,-1.6810054551953868
-0.4621104104115917,-0.5080318698480817
-0.5022441312616083,-0.4189760543895844
-0.8020389526229115,-0.28776122520635194
-0.76328037014585,-2.3561562122429764
0.13593202165609114,-0.9855657989920308
1.6421991965354266,0.0682254718340697
2.1582555808737536,0.5417907328852997
0.5801470437664568,0.6657047929323207
-1.347745721248461,-0.9981562434206828
-0.12119609960604502,-1.7204780905225163
-0.17081034363353195,-0.07779805773211097
0.2437597444004257,2.832496304108086
-1.3431357858642126,-0.5649151040901346
-0.5946054331953387,0.996512333176538
-0.4416821258127926,-0.6523608120661856
-1.1287555673040126,0.15593829866440026
0.6473684439464416,-1.7206536186625212
0.9596944136059647,0.3729120455827525
0.9821618091739516,1.9844680325154205
-0.18838308092364225,1.4012226696609336
-1.0864233635681773,0.8530276444982537
0.9753518640236906,-1.3521183133773136
-0.3536063664770817,0.8083902687339662
-1.0271826645841924,0.12343202703002032
-1.6438338298888602,-0.6545826370539363
-0.037857671682070895,-0.3757499897806051
-1.7024893036900817,-0.7932591689139865
-0.7693856478000339,-0.9447236284662456
1.5000500337147826,0.07927313503007971
0.946443157353488,1.288570904500428
0.7039198081936939,-0.6371662361363362
-2.507014958778497,1.3765972685263241
0.8425050840673336,-1.1902779354953352
-1.522689365779922,-0.20126216327901733
-1.1677313096793538,-0.9956123568144336
-0.018547885815446863,0.31697932563993336
-0.02766556445131011,-0.5323953619206186
-1.0679230644286772,1.0484572984055287
0.21493858966315896,0.8982735686743043
0.4684642505657173,-1.3701163930197335
1.184893978857521,1.1900333308399489
0.6861529316973616,-0.5378847937961602
0.770521588745902,0.768899950483769
-2.197433730412905,-0.646242438851705
-0.02790439196552707,0.061186293544133526
1.11548591754553,1.1928216025241922
-0.5028513927154298,-0.4019179969777766
-0.1072387502699429,0.8973939044682264
-0.4519509682789261,0.8652911955051755
-0.5500243814538183,-2.018964337213815
1.2258165876005958,-1.5326914637184756
0.011590422571819959,1.8862899085805287
-0.06462053625466302,0.4206214663595637
0.6501222075421997,1.1451287062239257
-0.5115823189744967,1.4849290067283454
-0.13653422805948506,-1.2049354601769329
-0.7651986482624539,-1.946239235083548
0.532952924267692,1.8413170410981503
0.1284001036112025,0.7840757410159771
0.7929205049394038,0.26314640915132753
-1.3491673489742757,0.5060498724096074
0.06649778281648938,0.4382021536350162
1.2138905046752917,1.1927086482932931
1.2381111633223971,0.7016956881882704
1.1477514936162505,-0.5309532090687641
1.0028311232739937,-0.5649507315714304
-0.1515577006442487,-1.8473451275223969
1.5525877143632532,-1.5625321103238925
-1.1698207869982236,0.5192803421841324
-0.5457447690611255,1.0331145971662037
0.05773745936085298,0.4865805586561737
0.5844781727077998,-1.3893393382384709
0.4437406561459552,0.5072146877139824
0.7505346926266357,0.5221579135720859
1.3013917113797906,-0.28334371595798624
0.3977749024243709,-0.2518222739233589
-1.8505628113781936,0.5506550957051736
0.5896614830179366,1.1930281126926738
-0.275170525575127,0.529394336294208
0.963881618067424,0.1120781995907511
-1.353435143463867,1.1102354228983593
-0.05541474560260822,0.595404321376996
1.3083676217684743,-0.8818465699753191
-0.2388150419442032,1.5784783507557028
0.06706414500772567,-0.038403079953766996
-0.6519108094347115,-0.19581451230872585
1.1110561407776631,0.7533813165950336
0.7982654359286673,1.0053922261266142
-0.13695199958678744,-1.5007553247870322
-1.0743019790225192,-0.06667666202609633
-1.4986883570381035,-1.068082613784776
-0.296146381677497,-0.8991310426096737
-0.5251075469635691,-0.3084411684850814
-0.35417633090947664,-0.6930760067537794
-0.3716447536724372,0.7268089046633786
0.5721457600282329,-0.07655310567738292
0.11595772249517695,-1.1029526542024508
0.07045276608542503,0.027999201878451268
-0.21268759564529904,0.5079322079674288
0.201086475680456,1.497780411721778
1.0381431907817251,0.02426660467504399
-0.10918991057700607,-1.7792972465236592
-0.8684545332959257,-1.7203145730021434
0.3108391717213166,1.5212254302108177
-0.4027890555892791,-1.3394951232650456
-0.0814080028520809,-1.1934260487309136
1.7483508722865897,-0.20404097269066268
-0.9627860902640568,-0.4806906397105597
0.2693883578256985,-0.1717596863630725
0.26303470148101005,-1.945181369252711
-0.12148063416372593,-1.360580938409983
-1.563345001386475,-0.2062259000081742
0.14097929901505832,1.4512687673417044
0.5429774527411731,1.3964087354983092
0.6128419182273774,0.1091331177406009
-0.4915944181641931,0.1117899448426684
-1.0114762436457214,-1.6504313860640127
1.8231447323342624,-0.2092549149103788
0.8873033303281371,0.4534872388302182
-1.0988132964544772,-1.8918439347392744
0.7622541323340141,-0.046470342903300606
1.5470876242506315,1.4598986357861181
-0.6754202984924282,-0.984459239040172
-0.6010194178925163,0.3106016159049609
-1.4376489270397512,-1.1939733407997486
-0.4045296204807343,-0.3034086921021822
0.8771743575305372,-0.6605028938585431
0.4478211511545071,-0.01237543655041103
-0.21493214286473908,1.0358059044418315
1.41733523205077,0.5500449960523263
-0.8388006869696065,-0.14707859172032453
1.1033420415211317,1.298437716207674
-0.6890411908333048,-1.1403438491310518
-0.7306311569895961,-0.1797742032166369
2.1032998795495974,-0.8477153904833911
0.02585559318986577,1.8228925821287192
-0.648910669337285,0.5835464312157481
-0.2884453549247373,0.1205241318254442
0.5491961891288669,-1.5292151766934572
-0.6237217563329814,0.02980080082633433
-1.2999262582521107,-0.7085556025089732
-0.29639666811358983,0.6903864478248615
0.6304874462606589,-0.39276896641515896
0.536952450295939,-0.7292602867904272
1.2047178234093372,-0.8798289862581394
-0.9091274588419676,0.34556642223987033
-1.1456465548424115,-1.07691547606178
-0.7748207222987895,-0.8406813778235285
-1.841768761942416,-1.1881902357589924
-0.7574597997359517,-0.8604527100535565
1.3298400327652666,2.0956736701484044
-1.5262083642264868,0.9812528623738708
0.03671315874649415,-0.4592279352238441
-0.9153012847923836,-0.2043844724252648
0.4791912982111922,-0.938370160181268
0.8732979080870251,-1.5847848937250315
-0.23270277181122045,-1.348921007451038
0.4510386105018938,0.4019543241182797
-1.385869241295103,0.2065209885094752
0.26247522145427,-0.6307313345916064
0.34657034726180125,-1.2068068553640654
0.6478851426673272,0.4427181382666361
-0.4884696465514655,0.14149638400911613
-1.3672430184823603,-0.15899879176514414
-1.7837474937198126,0.6639134095590873
-0.7716765611090161,-0.206230616666773
-0.5580468546448882,0.5115550316527571
0.08491533133347655,1.7122335609607608
-0.9398045947049024,-0.8188434661583031
0.06044711068867607,0.7118843892776026
-0.10528109713931914,0.8958009120622842
-0.08749459144788622,-0.596899607682446
-0.4351937563380223,-0.07440989019481548
-0.32339872450061746,0.7694572190806791
-0.1849672226567325,-1.4642165608144295
0.10023783961762432,-0.6472386363857671
0.4816811640986445,-0.4208509597884128
2.348216001861449,-0.6200963672332567
-0.13261595709658586,0.26382519237239443
-0.08855083496795056,1.7439407418860746
-1.0177376242144878,-0.2396559143021321
-0.6265881399222321,-0.4844740058331609
-0.8510055199225688,0.1699735243791025
0.3145169237449257,-0.07941176722933432
0.5762640094793872,-0.9648311110801421
-0.1293207094498867,-0.5005869305563807
1.0027159086202762,-0.9327704315394236
0.18638941098985745,-1.656416391282156
0.9814198267536326,-0.04051945970993665
1.2052116155181256,-1.7923349624234173
-0.4307551531575951,-0.09622368521210176
-0.5481585829220325,-0.7747157057244608
-1.3713054960534021,0.06299536464971985
0.5165513866047726,0.8446419532797789
0.15124880395903398,-0.3921057761846084
-0.5666276892648944,-0.6226976096750042
-0.4961473016917621,0.4104682510846848
-1.5462046022989815,1.4466868661788936
-0.5064109043566849,0.3920214453614811
0.4169469423124912,-1.5229648545958168
-0.9138060977557656,-0.13180521104813667
1.3115412160894628,0.0743526503500734
1.07300019031087,-1.030311238753351
0.35819401818683444,-0.9015023193134752
0.7689844847254116,0.7870687721257047
1.40962719326702,0.11308453402099695
-0.8687340358650787,0.029113223779611563
-0.6820914327303762,-0.0969605786434492
0.0210054456716266,0.30343568470956683
0.8865502221128934,0.28696528814054423
-0.12091885741453398,0.4271329520349484
0.3531123577363984,-1.7519756604798369
1.375277304850178,1.4804682412826786
0.8800389869667326,-0.7038110289213177
1.3700869218698333,0.9554436537374552
0.7308060895667732,-0.2425357116571057
0.07981544511925777,-0.006946480732561279
0.08025005051877293,-0.3772659645196847
0.8070121074491864,0.4841066580214344
0.1888106963858079,1.945664307256856
-0.0342856436502996,-1.2805702574855222
-0.12044739236506985,0.6106735387117992
-0.8844825457751878,-1.1668417589067617
-0.9488782746748706,-0.3225615123483198
-0.2820826060324261,-0.02842831956023182
0.048698631439862784,-1.7419680473733423
1.2194479953241149,1.5621037065070424
0.9103057028154252,-0.5107979455865861
-0.214686176252966,0.9233458474616708
0.5207465383935004,0.5134330072954338
0.7087142104220472,0.7106401583291027
0.2564928860503656,0.8085745741126921
-1.22181352286176,0.16886647096886498
0.3232340108177645,0.30036981609202096
0.5843873762948932,-0.1201323971494552
0.7747331539058354,-0.5930806324626348
1.6713475012103358,0.7607611830899101
-1.2870769765935024,0.4893955654097168
0.14631410357044525,-0.5927080989991612
-2.424562132244685,-1.4505210278106015
-1.1207738766091782,-0.1570020079042984
0.6752419486948519,-0.564412992715715
-0.3575622667267013,-0.3975206225327127
0.27446205946963725,-1.390619499921341
1.3929144890756828,0.0726786402684808
0.6067877770927387,-0.09956931618335108
0.2258958280222373,-0.16945806740268435
-0.07087888328283865,-1.1795080256478379
1.2233997079274292,-0.7254662165891856
-1.0500963206603344,-0.11975588386058734
-1.0223264947902129,0.4925162148205141
1.637421743601461,0.034870918526495924
-0.09049093604943308,1.202352230587512
-0.6304744261401932,0.5890369935324894
-0.15911678478712213,0.3261457081049889
0.1293467455640286,-0.28360823713743943
-0.0659500895369223,1.050156157889212
0.8469058155739894,1.959494289343347
0.1852236523875405,-0.3398665509175565
-1.9297034317816768,0.4344808596696457
-0.02259735375432574,0.2415626597930757
-0.37892935313516696,-1.4926878079087824
1.2684908496198244,-0.3768150792327887
-0.2641881086018575,0.10698757145646877
-0.4576435002861509,-0.8157772130112482
-1.8041479658621289,0.5250590833110047
0.5307713570629917,1.5246015029905104
1.388947361946064,1.3226641121997678
-0.5663492217365431,-0.4207771058817742
0.4782326756320625,-1.7771662280712313
1.2414322734845329,-2.01641371163169
-1.3733742485788671,-1.4125221198626898
1.9571548580362783,-0.11554359330851025
0.0913104850821092,0.24285631408343586
-0.9338904604824676,0.30459314665049864
-0.3943300086478423,0.7132997585871146
-0.4663161975587052,0.644533691070035
0.4612576840297081,-0.6769353756325216
0.6283412151865626,-0.8645955101011342
-1.1178494263636989,-0.5605585992968973
-1.1487761030560777,0.8275833636573985
0.08222899011357652,-1.4965862374288712
-1.2718069525167202,-0.4111970111765996
-1.6512380275812917,1.7975305660545478
0.1991155244875844,0.4567859090608644
-1.1868176052390078,0.5906863456231131
0.17976459615586546,0.2239756289368238
1.053433552119963,0.495913273037265
0.6381694117793175,-0.1726589390988855
-0.4429172472105716,-0.7119847365256917
-0.2804583107689527,-0.20551789487687105
-0.6549970457896083,1.4366743554787602
-0.8002189094601829,0.4648623281015756
-0.5678168458525943,0.1938816162494916
-1.1029232761241143,-0.3877629197465346
-0.6736972754858681,0.2299159415257569
-1.3162164851127642,1.1049107003330438
-1.6929078163248408,-1.5293512482046996
0.6721741004664538,0.6878697045020695
-0.5276684239721503,0.3309464329996469
-0.8050298027262205,-0.06661790741838873
-0.6342197369394079,0.0595074231705109
0.8172049305834714,-2.705677440496412
0.4475530995910997,1.0041060307496767
0.7335705821428441,0.3604891867497801
-1.1623602468103156,1.4979262861312617
-1.6421400557939958,-0.9509901611939572
0.8985953362681378,-1.5303126546428092
1.1573382186731214,1.4118945652337698
-0.4524047073440408,-0.06480002732702603
-0.9382525257862248,0.12359406445375705
-1.6013328608329909,-0.4942705024698261
0.3685820701245512,0.15393446338566355
-0.06789719344104941,-0.09019227803189003
-0.11232189757278348,0.3706725941946595
-0.5333647226369685,-0.19786175593410868
-0.4629685971084528,1.2284392133687798
0.1322929069342174,-0.4875133442635786
-0.9013054265098788,0.4864575730763242
0.39721325614720815,0.5107844364654784
-0.9711700946284704,0.3004278772299889
-1.597047028368741,-0.0037215774091179377
-0.5725903303154429,-1.7933456857950076
-1.2941819981689016,1.4733797245298188
-0.5536009682460192,0.11122005725598376
1.118912300466103,0.9947109942549762
-0.5732774973869933,0.011648182137003886
-0.07338580831689835,0.6209930503145492
2.2818360390587054,0.7470398664034046
1.8345658228932693,0.4109480770012402
-0.4024914061916869,0.3752089536758081
0.7241034092884222,-0.0651545569802266
0.6087715586911587,0.3283896681372851
-2.3396179368572487,-1.1032652231497209
-0.38990441446063545,-0.344717349812684
1.1220108509033395,2.8376649355305172
-0.5858461284090025,-0.1587827130271612
1.5595028248564993,0.5171018652098677
1.650769501604613,0.4821958446223056
-0.3419950812102605,-0.8674669107912036
-0.19035410811415496,0.4694117357949677
-0.6891590593947011,-0.7864518879078575
0.8909250415033663,-0.17031404253316262
-1.4960515305841025,1.8435580505210007
0.6338695391877492,-1.4333563700547138
-0.04615305747518419,-0.584840326022744
-0.5974822016298325,2.5074438029620074
-0.3915595675549812,-0.18029788530860336
1.2365629084229872,-1.8728693735304307
-2.0368378696690286,-0.6224884875253164
-0.6150515167385786,0.6822539132940169
-1.0974123640880558,-0.349365314258917
0.2911892535881615,-2.112756117796763
-0.5086296557583742,2.073956375880725
-0.22402044341761676,-1.7371700790594808
1.5433059668619147,-1.8337290033575875
1.313116219590618,-1.2405691682784512
1.8206727957658422,1.4481404818028598
0.3456094954457149,-0.7822644914494457
1.0926938339352112,1.4953156199595186
0.9433607989653073,-0.29537993961658227
-0.8356873226719298,0.02558222767757761
0.6660853365160555,-0.9347004641654968
1.0730824812389492,-2.200057475549215
-0.14322901279650696,-0.2867749148675694
0.01223498861284528,-0.10164854355277064
-0.14122099020687312,0.17885519294559202
0.32971415784825875,0.4082866271077937
0.09132766553348608,-1.2436347363469529
0.6407459090191006,1.281425922010052
1.8321012605209432,-1.3135973346808814
2.144408277054663,-0.5777472707732868
-0.08592511385651426,0.19655847633317014
0.7344268071198912,0.28775938875807977
1.2367381038061485,0.5243293715181947
0.12728242958674618,0.8705469976802425
-0.7865149562452147,-0.4991654631889793
-1.401139176405501,0.46180652263833105
-0.22081280692734526,0.28675831811351127
0.9971468463819192,0.055300460390709565
1.2608964928680142,-1.096231380781397
-0.8867192360721742,0.8984899377262906
-0.9302876328542401,0.37280032376252126
0.6602186219906859,0.8658536182852108
-1.5888278653801222,0.9169860539217151
-0.5433075068607842,0.2592806850519488
-0.1221939552582875,1.5175753994378414
-0.8153151954375233,0.6626816457694488
-0.38368413937148743,1.2679978091423192
-0.24808819153015624,1.752714636874126
-0.7440528185415072,-0.29088287342300634
0.8187129855451548,-0.7819890204387738
1.0717037335582815,-0.798973484299153
-0.6275649542324789,-1.1876993488322443
-0.6044649678077174,1.2447645073290017
-0.12282301810821755,-1.985465756401953
-1.6088402946636196,-0.6805610519150711
0.5978305594920139,0.09279270027452706
0.05586950539424369,0.028135295165298953
-0.6962571161792516,0.7046611079626414
-0.3483423291589825,2.0513246613416567
0.6619295266922249,-0.2858899908102875
0.1373851792487344,-1.8088618568344115
0.8036994731679767,0.1408043714532983
-0.9669397440467838,1.1508883918299786
-0.1853981334767882,0.07448966530581047
1.2753920145865383,1.267991279862502
0.768190630116705,0.18931329759233526
-0.10154419019029289,-0.8685517288723967
1.7886800216828962,-0.9600896986628513
1.5125172591405465,-0.6166984002403403
-0.26502247306310833,0.9391941228249819
-0.11314704414879788,-1.3603725269467941
-1.3246653284835037,-0.5901460913278268
-0.03853655829495194,-0.6060635501664622
-0.872149149183554,0.8760733690846146
0.7905164012673419,-2.573743328748183
-1.378289743572725,-1.0120748505603854
0.27059692210916797,-1.2570800028397893
-2.42153787591683,2.5730775644769754
0.10899769427941912,-0.9825781337493134
-0.9443152991082411,0.20773814104051225
1.9093245637736895,1.3037690300940792
1.7436551732186065,1.0651507130307003
-1.3944482703862693,-1.513588641157592
0.10408761560721089,-0.33033854906133997
-1.830748235625789,-0.37676918227995965
-0.08157733642923432,1.790303601453255
-1.36767227325269,0.32019810145861466
-0.9292335239938739,0.8064374623285566
-1.1050846539508568,0.43799165782042593
0.36023683344086066,1.1409717572159659
-1.7256858375252961,0.05265666209455041
0.1042518532455978,0.41923576706804666
-2.123500269686625,0.6666887311272371
0.6325545770070696,-0.16643397182290245
0.2074343852127849,-0.9797959082250792
0.03523968599314772,1.7701077041876057
-0.5640934718090895,-1.7666220779734914
0.26448991585167053,-1.0728495965209406
1.2763356209896786,-0.15929501854587758
1.4858346957786284,-0.6020646720523978
0.07491354522695794,-0.05758944572797024
-0.31955959406055084,-0.002689809880531967
-2.1062028425866743,-0.6273824363952389
0.8815176466157477,0.3148622831962981
-0.23353790702116312,-1.7891728582067612
0.29004046183483057,0.7498301410393062
0.2885701818295605,0.33772281522245184
1.0896255913195982,1.2619692307592079
-0.031799133032161184,-1.553152109656995
1.4150026598093504,-0.3545047376195841
0.4850209118646903,1.289039001924309
0.8913278996500703,0.45508222912063595
-1.0193694645827582,-1.6857933802219747
1.9464664343059352,1.7996379930575752
0.12080928786779459,-0.6731943044643196
0.24581821157807335,-1.2321144635931813
-0.5514752731950757,-0.29418678501842804
0.6690033960212963,1.0852781101195
0.7011172153950394,3.63091069267754
0.2483370452631063,1.1207415273996124
-0.28267235545466923,1.81274250105335
0.5338755381650161,0.3806895677072182
-0.5532372407656057,1.3628768685828603
-0.8149331062445534,-0.9629448835672809
2.2965133827286452,0.7824526094915797
1.481957327554393,0.9442682082392317
0.4143640875391674,0.8280509993021644
-1.4590864123066745,0.952644371575783
0.1557892060264532,0.9610485580110814
-0.2970386664363189,-1.7213960534420705
-0.015883295558281982,-1.5421176617258046
-1.6332864500282287,-1.0387810354096374
0.6600063251588255,-0.02929399485503746
-1.1062683694282531,0.17417556042730695
-0.3989947010397379,0.5430146617272376
0.11753945424351589,1.381611116434299
0.04351785253038126,0.5790714946845628
0.08190204640914539,1.528393053514356
-0.7818570829424395,-0.6023946597570168
0.11749619086451318,0.7190897163814185
-0.794122318116596,1.2245821699031956
0.9210985395846193,-0.24369726952359458
0.2574072727878267,0.7335417393564262
-0.013141324201572427,0.4098318887869207
0.39522267252836357,0.17930198703441524
0.8802032098236835,-0.08692115264273538
-0.1283374802922459,-0.9715193700772702
0.3496308986841416,2.103471019985896
-0.17322648816792946,1.4739141880646507
0.11927618198992973,-1.1724323478186323
-0.3092539807233883,0.6778132716625176
1.4280579120014714,-0.6998456668951489
-0.9227653865895576,-0.5630072618238589
0.5397855231007709,-1.410331322256846
-0.5313378062881446,-0.008638212768546887
-1.747597585938405,-0.9106129010765025
-0.9109311725999789,-0.08975018704786865
-0.3804437312391202,1.30042088276213
2.7255722306617582,-0.5253122585320844
0.6348626894175953,-0.8148326591059136
-0.7061376122759214,-0.05772427986026088
2.2253713996645104,-0.045872188505324776
-1.1577044148314186,1.3321669467772983
-0.5727252154368838,-0.3226872556747329
0.1552687578433115,1.1428913558073783
0.993825602472085,-0.24636718623621637
1.3308891950634743,-0.2475742691616791
-0.08249569339493236,0.8371201524561638
0.6594651662555983,-0.5098461411206475
1.1032369183347943,-0.8130993114537233
-1.7698592136289049,-0.06303142504818018
-1.8734240883341755,-0.8285353468637273
-1.0771771465743611,1.3336880759437288
1.072303974499225,0.21887234341395684
-0.5962123273233828,-1.256420890625541
-2.2220848529341706,1.8623939734467476
0.2535188290206746,0.25885525774877144
-1.9343242911953595,0.32264376853045235
1.4756440949762573,-1.0832534155643578
-0.9693903176691013,0.5553190742613011
2.1172723557110174,1.197326208639137
-1.023308472661786,-1.2208262559714065
-1.675796473054466,0.33401355580105124
0.8527188789825169,0.7343554311560363
1.9038869819764548,0.27810195333555565
0.7740685913284789,0.23513549395748773
-0.23039285096468984,-0.3242144389980938
0.049615934856636956,-1.1847776234694198
-1.7008612556243892,-0.8030108222306049
-1.1656463177805347,-0.7230344638702347
1.146053385950448,1.5611076581237215
-1.187445183062013,0.1660547453556344
2.0323075314377905,-1.5499892062219998
-0.42438431874792826,0.3836221304707691
0.9687123785312168,2.066495362127896
0.2558099696567482,-0.7910794945903995
-0.19251196733855253,1.7705588152763345
-0.26126035601329867,-0.7267834126939969
-0.04798821886576411,-1.8672849430015825
-0.5018583791037998,1.778372673180789
-0.26117649842434165,-0.7482424278542809
0.04082302143011617,0.21092951507270272
-0.7823368505784605,-0.3853631666078004
0.48435440198178503,-1.840092500340436
0.08640251385606611,0.36803440920977565
1.27012043573297,-0.44246347217338433
-0.4544460727892005,-0.14642571451386505
-1.4414291654508256,0.006054349416785634
0.8844734399726971,1.2555802006673835
0.007074097108390084,2.1940106747347965
0.989524249442462,0.2623516624888068
0.552837369082191,-1.09502653736676
0.4323867122300333,-1.0076855949024928
-0.33152479004781743,-0.03817993294111528
0.5104176723772992,-0.8506943677156578
1.9046182683553559,0.4453727497511217
-0.1746963503601852,1.0817285153768135
-0.2674849676844994,0.6038481763680814
0.011511453434598081,-0.5838774225001123
0.11663738176003909,2.1408463430070417
-1.1802679974645196,0.43793352941945773
-0.13705405901545614,-0.10974631600289064
-0.3570944554209874,1.18291421937114
1.3445689637526141,0.2666532844798375
-0.5069168167894483,-0.7195555043272509
-0.06311634034005464,-1.8585093075809969
0.331791757680878,-0.5709244775211003
-1.249047962615138,-1.1040594834554949
2.6313131114695474,0.2693415602468906
-1.6212233324638012,-1.4913532245260064
2.0657455843531594,0.051591022309967025
0.45383007695886046,0.48701143199788866
-1.7224664252933153,2.7714198789222793
0.4254524629133701,-1.0645416667399488
1.2559978969412966,0.6674413977827969
-0.5992679128066281,1.1261671028365141
1.332666672096504,-0.705155622182925
-0.10200145569079078,0.41563910719978525
-0.4105985664285451,-0.4523356146486508
0.3046215666088163,0.2567800999302608
-0.3771661401634446,0.5651621755867816
0.11818076087397093,-0.5565272563517693
-1.3918339386959468,0.4970270910213257
-1.6171523578998035,1.1363228977236601
-0.18618918468300238,-0.11550654294018023
0.7102237346924297,-2.148506138787327
0.7204393646122846,0.11123534617986999
-1.0946750193945902,-0.629346166119352
1.6463160720297123,-1.2692759062813432
0.1310188838948739,0.40388776239560475
0.33899409749026616,0.12801382465337366
-0.3341435211460546,0.093259085973028
0.7947083251943526,-2.0473996745838305
-2.0894753606223135,0.41594639873481254
0.7491918358957697,0.01817400931426089
-1.2750417504729332,-0.6981144964004491
1.8204505665917265,0.41237110373815966
0.09632189545213792,0.700945561615558
-0.9245641425005398,-0.172953784913673
-0.9887682198534532,-1.9650687796771384
0.41190857680843174,0.7335994149292534
-0.5635834801247925,-0.0503782046379832
1.0041256495265163,0.41447493129408586
-1.5782486651082241,0.08543027949421508
0.8119778911524931,0.8960225219247084
-0.039164134126764893,0.1504793218388867
1.9653639618569059,0.37115709862983276
0.24334996618884538,0.785804547266948
-0.13021426233459701,0.13338933984308543
-1.2661269754691642,-0.1317017226470188
0.0568486548277128,0.2901511405954749
0.2775007792186679,-0.3318904956946242
-0.9592240829198004,1.3873752312361696
1.7438491528412112,-1.0152634004993009
1.3903386297078508,0.5467741067009007
-1.1506140804017433,-1.1929354663868668
-0.011318719480317355,-0.373318334543937
0.6613936719708516,-0.8682759755244656
-0.3666518226355493,-0.5456555033635649
0.22737378018887702,0.1870086895583856
0.22299692024118944,-0.6349222706987214
0.2902831742220682,1.3932499556801556
1.251770846397858,1.0196465869288565
-0.8296337267444852,1.51690662025015
0.680137589031713,0.9353652860227041
-0.017378315729512928,-0.5279167884554308
-0.6177045865676133,-1.3998252042234394
-0.6524160360843647,-1.733393690481534
0.2929857933728201,-0.07436585134313682
1.3745227478594644,-0.9750396348739571
-1.1718873607898048,-0.6219557409176741
-0.933518541031593,-1.0441735874906768
0.538288323477772,1.3705521552977011
-0.5269301204881788,1.47197979854022
-1.0779319426727947,0.563523369278175
-1.8591500688178775,1.9825433396812222
-1.0067940719826811,0.3465570281078183
-0.4643385214249729,0.695073659380179
-0.5142698117213624,0.9092623949075659
0.21777775846254632,-1.2851217955541376
-1.1972944699714005,0.5295358035251384
0.33420563266044695,-0.3524932773184702
-0.9592865817854116,1.086806335964491
-0.3485540770797578,-0.30208125712023887
0.6594519689532748,-0.03556674000911587
-0.14905256960315597,-0.8016639954750686
-0.895739882860385,0.8478347020696213
-1.0089738195049234,0.9825366615223851
0.3788056135858326,-1.6072944925443242
-0.9764617617101361,-0.5503722692704577
0.3042400957830144,-0.85690052088451
-0.8515132439457178,0.16399826344996532
-0.6333856035050548,1.2050155796013065
-0.6479798145102021,-0.767108817236542
-0.04902828236645021,0.7419950332132177
-0.22748839861237571,0.5912369821670691
-0.3632203721330546,2.0716154117789816
-0.9907159632122925,0.23322171153667312
-1.7230172583613284,0.9953856832541514
0.801617309862911,0.45913856682045573
1.4660018008857896,-0.9584062435831721
-0.41061679843234833,1.0071932426009589
-0.2794067890343309,1.0365532601258085
0.05963020172060505,0.032127585040099854
-1.1539109677168484,0.7079663927471782
0.11576731542330075,-0.46002090246341126
0.22239693711874436,-0.22043014278714737
-0.33004608995686197,-0.8840803376362414
0.4717434425930155,-0.33928360527036144
0.28331972232783104,0.8984038583149838
-0.6971313690297544,-0.9420373325304872
0.39124551197773755,0.35061423063620967
0.4945549614654473,-0.49122925813385965
1.1255974812438632,-2.030576642285339
0.11148791881803048,-0.5756157145426375
1.4924114987739376,1.272010252305914
-0.6197892585474253,-2.9405255390359004
-0.6905231777370482,0.9080763162465963
-0.7828067179175492,0.44505130977475005
0.509740659584202,1.8130254472479173
0.8081103919736944,1.0409895472378132
1.7185767705892607,0.6642406711787991
-0.7738653734546435,-0.6804311126185116
-1.4120715835230044,0.7850694696697191
-1.238619364372855,-0.5604913480777717
1.1795261831068122,0.8202185201792274
0.33181348088400026,-0.7659274669207581
2.278349874339982,-0.4289513115373924
-0.5048620873121089,0.302125218562823
-0.5294262483903445,0.8515760732309778
-0.35739571356031313,1.527039435406969
0.062131373668962445,0.15695313874871253
-1.9351612923226713,0.27596605118050893
-1.3452292219492776,0.6240021235507907
-0.7801676013642476,1.2283382189892917
0.465442381336622,-0.6993400642755645
-0.008656764381088455,-0.30187501452766285
-1.1090268633913325,-1.1631149501334737
-0.0858316817767621,-0.8314499817356881
1.2026712030596425,-0.68518726729334
-1.121227263259177,0.5792462917889062
0.1668853784887894,1.4044287339810888
-1.4217078728238497,-1.6338009877085813
-0.18311973737312912,-0.0706838230972952
0.0946359811225714,-0.361684717900235
0.7681773981491765,-0.4521248788632863
-0.5445225549559846,0.6435184793870982
1.315668091931461,-0.6839489478274825
1.1076671423065807,0.5161642378337555
-0.8805195219089351,1.0135988812756125
1.3713304232432115,0.7564407690774665
0.20265972342514083,-0.657437439504734
1.6819634848635647,2.0609207975682198
-0.05230481061616998,0.2537111024830299
-0.44038944622840254,-0.31704686741781696
-0.35148099715314135,-0.8646509939206205
-0.7882467174140455,-0.2360918536347449
0.18299690260747048,2.715177641861418
0.6070105131541571,-0.41268422055254417
-0.5362014347327095,0.03414578792026736
-1.3142033594294258,0.921434909889526
-0.46721673121199103,0.9602538680114634
-0.29277922372139387,-2.0740598996956567
-1.1206130777105283,0.19823908932019568
-0.22739437212546068,0.17367535597552738
-0.8242167482932211,1.249634871001154
-0.4100077536973737,1.1476481453747953
-1.7401316664717148,-0.2804686765908973
-0.21101225548321095,0.14653320385952223
-0.9029385112367602,-0.9177263692748978
0.5574763826988002,1.988941430552594
-0.5584612695426605,0.18353964952540833
-0.23775616805995645,1.8027502908028992
0.790276043541408,1.8340522598730877
0.2908080813856741,1.3904498726621173
1.1661758435409801,0.16618131234856764
-1.0663121881795294,0.85841135022816
2.2612962861365755,-1.5808229614715408
-0.20544552604913388,-0.25007998470067
1.1683890624947038,1.2095842926231433
0.8158846482014123,1.2641985090306438
-0.018908680408084064,0.7605843636981577
-1.225286594437704,0.04351676622313281
0.11280333006492127,-2.013494952701108
-0.43474751118657906,0.33856017547732986
-0.8754187504636528,-0.07671587684216485
-1.2474851203464121,0.7260475917677324
-0.5219375270024652,0.23410130095978776
0.23645819246961677,-0.008108716734630629
0.4057904016590362,0.4850057771333747
0.8595977721029574,1.1637158041304487
1.5891344367581668,-2.205398860414737
-0.7147579490705848,-0.6929985156208381
0.9743483968104695,0.10741438542668427
-0.6537026631256202,2.494350845844421
-1.8349964868919404,-0.16216284662498665
0.16064408174839523,0.5943646661246142
-1.9623851798347558,0.9731847828988731
0.310349074415759,0.7743376579285574
1.3989874166824963,2.1754410763121457
1.1620816439492478,-0.34974128020573364
0.43186590265869285,0.5022774188197966
0.6066843016470949,2.120289711531892
-0.20865536567530013,0.2556525847950423
-1.8935538704272492,1.189127611114478
0.7834248742854075,0.7230664730782036
2.3677396027159214,0.7815068451799155
-1.1460439555897743,-2.049216283250446
0.07150407724914982,-1.1193022776150061
-2.1564168180570915,-2.6248529644475145
-1.7978797343260708,0.30232978224846385
0.4360694508404332,0.7695222643884869
-1.6491758885489856,-1.34744345259305
-0.4083023045689789,-1.7357544129935871
0.2542562216961652,-0.16137854390900358
0.2094887023773722,0.48493523304550906
0.23665551023843243,-1.072680188189836
-0.21200323557505338,-0.23779533717692314
0.0542418846404444,-1.1592607199680527
-0.8982635068457389,-0.7918784651503947
1.117008690562494,-0.48465345808550814
-1.2684267550861155,0.4238900332648443
-0.09883914928116388,-1.3098112777696322
-1.2300817794350023,0.246580625997508
-1.6469732426231483,-0.4309306254751681
-0.056668142164684895,1.2297119859832577
-0.9895605188515542,0.41694012964718585
0.11813891262505802,-0.7277810512104189
-0.35679225903839307,1.0875610185676245
-0.1581841109004517,0.350950720470893
-1.4765485878716882,0.2697191806366302
-1.2621349540951659,-1.0656697170411356
-0.15765316512666686,-0.5323625512662843
-0.7892205514653781,0.16177278752136262
0.10551357048370716,0.3557830554267752
-0.44834145576505957,-0.8415533295307636
-0.5203967036595649,-0.5887886429699253
0.38002313156862394,-0.9338837896557383
-1.3090850086409727,0.7893029222639812
1.265807302936283,-0.9660860006178763
-0.8469863057209898,-1.7652851999511912
1.0949524914293842,-0.9621236008273962
1.7096423379205101,-0.8180052568145438
1.8802920099221831,-1.460722841403276
-0.4137098179070133,-1.109578935779827
-0.4965185488330008,-0.8943467926323846
1.167379804530745,-1.303434812139764
0.6058447222153266,0.5384336319612881
0.24069067402829325,0.6169459192712826
-0.5848464180051544,0.37083430723898336
-0.19556110290772383,0.3791648810534391
1.158462753489289,0.2717042311279589
0.3471537066188546,-1.6963543623528905
-0.042250940714623736,-0.19478572128683644
-1.4712246792226886,-0.06146638130053591
1.6422451001533769,0.6539621476992369
-0.6641535316364672,-0.10815843921506892
-1.2807056787789057,-0.8882375483838105
1.8363427499461502,0.1967390161241104
0.016352194500484578,-0.21615240423216672
-0.9443479213106317,-0.04117980223262445
0.034317757798209704,-1.5473016420221737
0.11769078614944913,0.7468294086803643
-1.398217173741414,-0.9448936273044137
0.8106850146692978,-0.09560945216279283
-0.37562774903682244,1.7546872041686283
